100 50 
0 2   31 12   30 7   33 14   24 7   1 2   22 1   13 11   42 14   46 2   20 3   37 15   49 11   21 5   10 2   7 5   29 3   16 9   8 2   23 8   6 13   36 2   32 2   39 10   9 6   4 3   27 4   34 9   38 8   45 3   40 7   5 11   26 2   15 3   25 4   44 4   47 12   12 14   11 4   28 11   43 3   14 8   3 5   48 8   19 9   35 8   17 13   41 13   2 5   18 5   
39 4   40 3   5 7   43 8   23 10   22 9   12 10   13 4   11 8   36 7   27 2   15 15   1 8   3 13   47 13   4 3   18 5   46 13   44 3   0 5   38 11   33 5   20 14   45 7   17 2   6 3   2 6   10 12   28 4   42 3   41 2   37 15   49 2   32 14   34 6   24 4   8 5   26 14   14 9   31 6   29 1   7 1   25 15   9 6   48 9   30 4   35 14   19 12   21 11   16 6   
49 3   21 4   47 7   33 9   27 4   11 15   45 13   35 5   6 15   39 8   29 5   9 3   19 9   16 10   26 10   48 15   0 7   22 2   37 12   40 7   5 9   3 3   17 14   1 4   44 4   30 11   41 5   34 4   31 5   38 2   42 6   23 1   36 11   18 2   32 5   12 9   4 14   46 13   10 1   28 1   7 12   20 3   14 4   24 12   13 11   2 2   8 7   43 14   15 10   25 2   
14 12   23 14   25 4   27 3   3 9   49 10   30 9   29 10   37 8   18 6   13 1   40 8   0 13   42 7   15 11   34 4   31 10   17 5   22 2   47 10   20 6   36 11   8 1   1 15   26 10   19 3   45 2   12 12   21 6   41 1   39 6   48 7   46 10   11 5   7 6   35 2   9 4   6 15   16 1   32 11   10 9   2 3   44 2   43 2   38 2   24 15   28 12   5 1   4 10   33 3   
23 7   38 15   7 5   15 3   8 13   0 2   4 2   35 9   13 2   3 8   37 7   42 1   20 15   14 1   19 12   2 2   48 4   34 7   30 15   17 14   29 9   9 2   12 8   41 1   28 2   40 3   39 3   25 15   43 12   24 10   32 14   47 2   21 1   26 9   1 7   6 15   49 3   36 3   10 2   44 5   45 8   27 13   16 2   18 2   33 12   11 7   46 9   5 7   31 6   22 2   
18 13   1 4   14 9   24 13   45 7   13 2   46 15   38 2   2 4   42 5   37 11   41 11   48 12   33 6   30 8   35 4   6 3   31 1   19 2   4 13   27 8   36 7   0 2   40 4   15 7   28 9   29 11   49 12   39 10   20 5   21 4   17 14   25 3   9 7   16 6   8 7   5 1   26 7   32 8   47 11   7 11   34 5   10 5   22 10   12 11   43 6   44 4   23 3   11 1   3 15   
10 14   31 1   43 8   34 10   1 6   41 14   6 8   2 8   15 14   24 2   12 6   32 7   7 13   20 15   44 3   25 5   26 1   38 2   29 12   49 15   9 6   22 9   48 8   42 14   30 8   13 9   33 9   4 3   8 2   45 3   23 3   3 5   37 12   11 12   35 4   28 7   39 7   18 12   14 11   19 3   16 2   0 10   47 10   17 5   5 15   21 3   36 7   40 15   46 5   27 5   
10 10   16 14   43 9   3 13   19 2   1 10   31 12   23 5   40 5   12 3   33 3   47 13   37 2   21 8   29 13   35 2   27 2   30 14   9 2   25 4   42 13   32 12   28 8   38 5   46 8   20 2   44 6   0 3   15 12   49 5   5 2   14 1   41 6   7 7   45 5   13 10   24 3   8 7   48 2   39 11   22 2   2 2   18 2   4 5   26 8   36 4   6 2   11 11   17 2   34 5   
44 12   16 12   35 8   2 15   17 7   47 6   5 9   6 10   0 1   28 3   39 10   13 11   26 3   10 7   33 5   34 5   38 11   22 7   3 9   46 13   23 15   43 2   1 9   48 1   49 12   40 3   4 5   45 8   9 4   36 2   31 5   42 11   14 14   11 2   27 15   32 12   20 9   21 2   29 9   7 7   8 9   19 11   37 8   41 15   12 2   15 9   18 13   25 5   24 12   30 14   
40 8   48 3   3 5   20 8   11 3   24 2   10 2   43 2   28 12   23 4   33 11   44 14   16 5   27 9   18 3   45 9   0 6   19 2   22 11   15 11   4 15   36 14   38 7   13 4   6 6   25 3   30 8   42 12   49 15   5 14   8 14   35 2   34 6   7 7   21 13   12 14   29 10   26 15   47 13   1 8   46 15   41 11   37 9   14 9   17 8   32 4   39 1   31 7   2 1   9 10   
12 10   21 7   34 1   20 3   13 12   45 10   10 2   0 14   11 15   7 13   9 6   29 15   41 6   40 1   4 11   3 15   46 10   38 10   35 11   25 15   42 1   14 15   6 13   49 6   39 7   1 4   37 8   18 2   36 8   8 3   27 15   5 9   22 10   16 4   23 12   43 7   24 4   32 2   31 3   30 2   2 4   15 9   19 14   48 4   47 13   17 1   33 3   44 9   28 15   26 15   
6 1   4 5   32 15   21 12   39 4   35 2   26 2   37 10   10 2   0 3   3 15   20 7   19 9   36 7   9 4   5 12   16 2   27 10   23 8   17 5   33 1   49 11   15 9   22 14   1 8   40 4   44 9   34 4   30 5   43 3   38 2   46 2   48 6   14 11   29 15   8 13   11 11   7 10   25 3   13 8   24 3   42 11   2 3   28 10   47 12   31 10   18 2   41 10   45 13   12 12   
20 7   42 13   43 6   16 14   34 12   48 8   13 6   9 2   36 1   24 3   22 11   49 15   10 15   41 2   4 11   40 8   18 1   14 12   44 8   35 4   46 3   7 13   8 2   30 6   39 13   25 6   47 9   33 3   3 5   23 6   17 3   15 1   29 15   37 10   11 2   31 4   28 8   6 1   32 15   19 4   27 1   26 2   2 2   45 12   21 7   0 15   1 4   12 2   38 9   5 14   
43 13   20 1   13 1   8 9   47 2   21 10   9 2   25 15   19 1   24 5   12 7   38 15   32 2   16 3   11 6   10 7   5 10   49 3   29 12   48 9   40 6   34 2   35 6   33 13   1 5   14 3   17 6   23 13   36 6   27 3   41 8   37 10   30 4   31 10   15 1   42 12   22 3   7 5   0 11   6 3   18 15   2 15   4 2   44 1   39 11   28 2   46 5   3 11   26 1   45 15   
49 14   30 11   26 7   17 6   10 9   16 1   34 11   9 11   44 12   45 7   21 1   20 6   25 15   22 6   12 4   3 6   39 1   43 11   0 4   29 2   47 3   48 14   5 12   14 12   46 8   19 4   8 3   13 14   32 5   40 7   2 6   1 12   41 2   37 5   4 4   15 2   18 2   42 6   28 2   31 11   33 8   7 14   24 15   23 13   35 7   36 3   38 7   6 8   27 7   11 9   
41 5   11 11   7 10   19 9   39 4   16 10   31 1   38 3   23 10   29 7   48 4   22 11   13 3   21 8   10 3   37 5   36 15   18 1   26 14   17 2   1 2   46 15   24 12   3 13   6 14   15 12   32 12   35 10   4 13   8 3   2 5   12 13   20 10   45 5   44 12   49 3   47 9   0 5   42 4   25 4   27 3   9 15   14 2   34 2   28 12   33 5   40 11   43 11   5 10   30 2   
34 5   31 2   46 8   24 4   41 7   39 5   42 2   13 3   9 13   17 15   26 4   19 11   12 2   44 6   23 6   1 7   6 4   18 7   36 4   48 9   15 11   47 14   28 2   0 15   8 10   35 13   10 9   5 1   30 2   37 1   16 15   27 6   4 9   43 7   14 15   11 15   25 5   33 6   22 5   20 6   32 7   45 5   49 9   40 15   2 10   21 11   7 7   29 14   38 2   3 7   
19 7   35 2   46 1   25 2   20 2   29 9   0 6   22 10   15 1   23 8   6 7   7 1   48 1   14 14   34 14   47 13   18 15   24 8   37 13   26 1   12 2   38 7   43 15   28 8   39 13   13 4   32 7   40 2   44 4   2 9   49 10   30 4   36 2   9 14   27 12   8 5   45 6   41 6   42 11   16 10   3 12   10 4   31 6   21 7   1 14   11 1   33 15   17 2   4 11   5 12   
27 1   12 1   40 7   42 13   33 1   17 12   1 9   7 15   5 4   2 3   45 4   8 13   32 12   13 7   49 1   31 6   15 10   18 11   16 3   10 13   48 15   25 12   35 2   26 11   30 5   6 1   19 3   46 1   39 12   24 9   21 4   11 5   38 10   44 1   37 3   0 14   20 10   4 10   36 5   28 1   41 15   34 4   47 1   9 4   29 2   3 10   22 7   23 13   14 7   43 8   
32 9   13 3   4 5   47 9   40 9   23 11   7 2   15 2   33 15   43 10   31 14   49 2   35 8   11 2   24 15   45 9   12 1   44 7   37 8   9 14   38 7   5 2   3 3   0 2   2 10   22 1   36 7   48 8   1 1   8 5   26 7   46 2   39 11   28 1   30 4   18 8   14 4   42 6   25 8   27 1   41 1   10 1   19 6   21 15   6 10   17 9   20 1   34 1   16 4   29 12   
49 8   32 8   7 8   26 8   22 9   17 2   42 4   16 4   34 9   18 4   8 10   35 5   25 12   19 11   15 11   47 6   30 11   6 6   12 15   2 2   5 9   21 3   24 8   33 10   13 2   31 12   27 8   41 2   0 8   14 14   10 2   28 3   39 4   9 2   23 6   38 14   4 9   40 4   44 6   20 8   46 2   1 15   45 2   11 6   48 8   3 6   36 10   37 15   43 15   29 9   
39 15   46 11   37 8   24 2   15 6   6 4   19 15   13 3   21 10   49 14   41 3   31 4   40 1   18 9   5 10   27 13   4 13   28 10   12 12   8 11   43 7   29 5   11 2   7 12   34 15   33 1   25 12   0 15   38 8   16 8   30 12   17 13   48 3   32 3   44 15   23 3   22 5   35 6   36 9   26 6   47 12   1 1   10 11   20 3   42 13   45 5   9 13   3 1   2 5   14 8   
36 3   41 4   47 9   33 3   27 11   6 15   4 10   14 15   21 9   35 4   5 8   46 4   12 9   23 1   37 14   48 4   10 15   31 15   16 7   42 2   45 4   24 3   32 5   19 12   44 5   20 15   0 15   49 9   28 3   1 6   40 1   3 10   29 13   43 15   8 7   17 7   2 4   22 3   25 9   38 13   39 14   34 7   11 3   18 1   15 6   30 13   9 4   26 3   13 2   7 7   
20 1   4 9   9 10   19 8   2 14   46 1   26 6   5 2   10 1   7 15   31 1   32 1   21 10   35 3   34 6   42 12   14 1   13 9   49 3   3 13   27 4   18 12   15 7   38 6   25 12   40 11   12 5   36 14   43 12   33 4   29 2   1 6   6 2   48 6   30 11   24 11   28 5   23 14   17 1   11 15   39 11   16 2   22 6   37 6   41 3   44 6   8 9   45 15   0 14   47 12   
34 14   28 2   35 11   22 11   9 2   39 5   49 10   12 6   32 4   19 2   11 6   6 6   13 8   29 6   15 14   41 3   3 7   40 3   25 5   8 15   46 7   48 15   38 7   7 8   5 3   43 8   23 8   18 3   30 15   37 12   24 15   20 2   45 1   14 2   47 2   31 10   1 13   2 11   42 8   10 14   36 10   21 1   44 5   26 6   0 7   17 7   33 6   4 12   16 10   27 7   
17 3   26 11   24 13   0 4   37 3   19 3   32 7   5 2   36 12   15 5   34 15   41 9   13 4   7 15   9 14   33 11   35 2   44 14   14 5   40 5   39 10   42 3   49 11   18 13   29 5   48 11   1 8   22 11   25 2   21 3   46 14   38 14   27 15   47 4   23 9   8 2   2 2   43 14   10 11   45 7   3 7   12 10   16 7   28 12   6 5   30 6   4 8   31 11   11 7   20 9   
33 15   34 12   2 10   30 15   5 4   20 3   26 6   42 6   46 9   44 15   24 7   32 12   4 13   11 10   25 11   15 13   28 13   10 8   14 4   35 8   31 14   23 10   27 11   39 4   13 6   3 3   29 6   19 4   17 7   40 11   36 13   1 6   9 15   45 13   47 7   12 6   8 6   43 5   38 2   7 4   22 9   48 4   41 1   16 9   21 9   6 8   49 2   18 6   0 10   37 8   
16 9   15 2   14 4   39 1   45 7   17 11   29 9   23 13   49 15   46 9   21 10   5 6   37 11   13 8   36 9   48 13   33 13   32 2   26 8   40 3   41 4   1 10   19 4   44 7   4 11   11 3   25 15   43 13   0 6   34 2   30 2   10 7   9 15   22 5   35 12   42 14   6 5   31 14   28 2   8 4   24 15   7 7   20 7   27 13   18 10   2 1   3 4   38 8   12 9   47 14   
32 15   17 2   9 12   7 3   23 14   4 14   19 2   43 14   13 12   34 8   8 14   38 5   42 6   44 3   28 2   49 10   3 6   27 11   20 9   5 3   21 4   26 2   6 12   14 15   24 13   15 12   25 3   12 2   40 6   35 12   11 3   30 8   41 9   47 3   10 15   2 6   46 5   31 6   48 15   22 7   36 4   45 6   29 9   39 8   33 12   1 13   18 8   0 1   16 15   37 14   
27 13   3 11   10 15   29 11   4 2   30 7   22 11   26 15   25 12   49 15   19 15   36 5   7 3   48 2   40 10   46 4   14 8   38 15   13 6   32 5   44 15   41 11   12 6   8 15   34 10   33 2   23 3   16 6   20 6   1 6   43 8   6 6   5 5   17 11   37 13   35 7   11 9   2 1   21 3   18 9   42 12   28 15   15 9   24 5   9 10   47 14   31 4   0 14   39 11   45 8   
16 10   28 2   31 1   4 12   41 15   12 10   46 12   19 7   24 11   49 8   48 9   0 2   9 6   18 14   11 5   6 15   7 2   20 15   29 3   1 2   5 15   2 11   43 5   36 1   17 4   45 14   26 15   13 7   25 10   23 2   34 2   27 15   15 15   42 6   39 11   3 9   40 5   30 12   33 4   47 9   35 4   37 11   8 4   14 4   10 13   44 11   32 2   22 4   21 12   38 3   
40 9   25 11   4 7   21 12   16 2   1 3   19 3   6 2   38 13   22 1   44 3   47 8   49 7   2 9   42 8   37 1   8 5   29 3   0 15   36 4   39 4   35 6   10 9   43 6   17 1   18 14   26 14   48 7   32 2   13 4   11 11   28 11   20 6   9 2   27 11   41 6   14 13   23 6   31 4   3 10   24 14   5 7   46 11   33 6   7 14   30 14   34 3   15 2   45 8   12 15   
21 13   20 3   11 5   41 9   42 5   46 1   35 13   8 8   14 2   38 15   6 5   31 10   0 12   5 6   30 1   44 7   32 9   48 2   1 7   3 15   15 11   47 13   27 12   16 5   19 10   34 2   2 5   29 11   10 7   18 5   4 5   22 9   25 7   23 7   37 3   12 2   39 9   40 4   36 2   33 12   17 8   9 14   28 2   43 15   13 8   45 12   24 13   26 13   49 4   7 11   
5 9   9 4   21 3   12 4   34 5   13 3   18 2   42 3   3 8   7 4   11 12   24 3   40 11   37 8   0 12   22 15   30 5   1 6   43 3   10 15   6 3   32 4   8 15   15 14   16 3   46 12   23 15   35 14   17 1   26 4   20 3   47 7   48 12   49 7   36 6   2 15   45 14   25 9   29 2   31 15   33 4   44 11   27 9   41 13   38 3   19 14   39 6   4 2   14 8   28 3   
12 4   13 2   29 10   5 2   1 1   8 12   38 1   24 7   35 12   42 9   39 8   34 15   23 13   28 9   20 8   7 5   16 10   47 13   31 9   19 6   25 9   9 9   17 11   6 9   32 4   22 7   43 8   46 13   3 10   27 6   21 1   14 9   2 8   48 8   0 8   18 12   26 15   4 8   11 8   36 10   49 3   15 7   30 13   10 3   40 14   33 5   45 15   37 11   41 15   44 9   
26 15   37 7   43 6   0 2   1 14   4 8   49 14   5 15   44 7   20 7   23 4   28 2   34 9   30 3   27 3   11 5   21 10   16 15   2 1   7 12   3 15   13 2   8 6   39 15   47 15   29 10   10 3   38 8   40 4   32 8   24 15   36 11   14 15   45 3   25 12   41 15   18 1   35 3   15 2   12 13   33 14   6 14   42 15   48 6   22 8   19 3   31 9   9 8   17 15   46 9   
42 5   14 11   0 14   11 2   10 14   16 15   37 7   46 11   36 10   2 13   49 2   15 4   40 4   13 3   18 2   47 15   29 1   34 14   28 3   12 14   41 3   35 5   4 4   20 10   45 8   1 1   48 10   22 2   24 1   8 7   19 15   31 2   30 1   32 11   43 10   6 3   17 1   25 3   23 15   5 9   3 13   26 9   44 14   39 15   38 2   9 15   27 2   21 2   33 7   7 9   
6 8   29 1   10 6   41 12   16 1   30 11   8 13   39 5   28 3   19 15   32 8   17 14   26 1   21 4   27 9   25 6   36 5   14 6   7 2   37 4   3 5   44 11   2 2   1 7   31 5   47 3   20 8   24 9   9 2   4 7   11 5   12 8   49 6   42 12   45 14   13 2   34 8   40 6   23 10   48 14   15 7   18 6   33 3   5 15   35 4   22 13   38 6   0 1   43 6   46 11   
30 10   43 1   41 6   23 4   31 10   46 1   40 8   9 9   28 13   8 11   2 6   26 7   16 15   10 10   1 7   25 4   44 7   0 6   4 8   37 11   18 4   12 4   45 2   7 12   38 1   17 4   22 4   24 3   27 15   15 12   47 3   33 15   13 14   39 1   35 14   19 13   21 10   34 5   48 15   42 10   49 5   20 11   29 8   5 5   14 12   6 15   36 2   32 3   3 8   11 1   
24 6   38 9   48 15   9 5   19 10   10 4   36 12   17 9   8 11   29 15   40 4   34 2   33 6   18 6   12 5   0 15   41 13   25 8   2 15   27 13   49 6   21 1   47 14   32 2   1 1   7 12   42 9   39 9   44 4   43 9   5 10   30 10   11 4   3 6   13 7   20 11   22 2   35 2   31 7   26 9   15 6   16 9   23 2   6 14   14 2   45 12   4 1   37 1   46 4   28 3   
19 2   22 11   27 9   33 8   1 7   46 5   43 10   35 10   8 1   12 14   7 6   15 3   14 2   25 6   20 6   48 9   10 4   44 3   13 2   23 14   38 4   31 14   9 2   5 3   41 9   40 1   21 11   6 13   24 10   4 9   0 11   49 1   2 11   32 12   37 14   47 11   42 14   11 6   30 13   26 4   28 5   34 8   39 4   45 9   29 12   17 7   18 2   16 12   3 11   36 2   
19 15   42 8   22 3   17 1   21 12   10 15   41 10   1 5   14 2   5 2   45 1   34 3   25 4   37 12   27 15   29 14   35 9   28 6   13 5   40 2   26 10   2 1   8 7   4 12   49 5   33 2   48 6   3 11   36 13   15 1   44 12   39 14   32 3   24 11   11 15   30 8   16 6   0 3   12 12   46 5   6 2   9 10   43 14   38 1   23 12   47 15   7 5   18 11   31 11   20 11   
24 6   37 5   27 1   41 4   45 6   39 15   21 8   25 2   23 12   40 7   31 6   4 11   46 7   15 10   6 4   17 6   32 3   34 8   19 14   2 6   18 14   30 4   42 13   0 6   5 10   47 6   13 2   22 12   20 8   3 13   9 4   16 9   28 6   8 10   36 14   14 5   26 6   48 13   44 3   10 4   38 15   33 11   12 7   49 13   11 1   1 2   35 10   29 2   43 10   7 8   
13 15   16 8   40 14   47 9   49 8   14 15   3 7   21 1   6 12   20 14   42 3   48 12   1 2   19 8   25 8   28 8   37 11   35 3   10 3   41 2   26 1   38 10   31 7   8 4   17 3   7 13   15 4   45 5   23 5   44 10   30 2   33 2   39 9   4 5   11 2   2 1   0 9   18 8   24 3   36 15   22 10   9 2   12 5   5 2   29 15   34 13   46 15   32 4   43 1   27 3   
18 5   27 4   7 10   30 7   22 12   49 15   11 12   1 9   41 6   40 4   19 5   43 4   25 2   32 12   13 10   44 10   16 8   23 13   24 10   6 13   3 15   47 3   33 11   5 13   26 7   15 1   20 4   28 10   10 1   9 4   48 3   31 2   29 3   21 1   2 15   35 15   45 14   4 5   38 15   46 6   17 6   14 14   36 5   42 10   0 12   12 15   8 2   34 14   39 13   37 10   
24 3   42 4   9 12   32 14   4 4   18 1   3 4   30 2   7 13   43 2   31 10   0 4   41 11   34 7   20 1   33 7   14 5   49 9   37 6   21 2   17 6   46 13   19 2   27 10   22 15   29 1   45 6   8 6   40 2   39 6   38 3   10 8   13 6   15 10   23 4   35 15   48 4   16 6   6 4   47 6   5 13   12 11   11 5   1 6   36 9   44 7   26 11   25 8   28 6   2 3   
41 15   26 1   5 3   28 9   34 7   11 2   0 12   40 13   13 6   47 14   29 1   14 7   10 15   46 12   21 4   8 2   25 5   42 9   35 6   39 4   33 7   1 4   3 13   23 13   27 5   38 10   31 2   6 3   45 5   44 3   48 9   30 10   7 15   49 13   2 4   24 15   19 8   16 6   36 8   32 10   4 5   22 7   18 5   15 13   9 12   43 3   12 7   37 7   20 12   17 8   
19 13   23 5   14 3   33 2   27 10   15 4   1 15   21 14   34 5   18 2   39 6   4 15   46 4   9 12   26 2   44 15   37 11   6 6   22 5   3 3   20 9   31 7   35 5   48 14   5 10   12 14   16 8   38 4   47 15   7 9   36 1   8 8   32 7   25 2   29 8   43 9   11 3   41 5   45 11   24 2   2 11   13 7   30 12   17 13   10 6   42 7   28 1   49 8   0 3   40 15   
43 2   29 7   48 2   45 7   23 2   34 4   46 7   12 3   1 9   38 14   28 1   17 2   10 8   7 10   31 14   44 5   42 5   37 3   6 10   18 13   25 6   33 14   49 3   20 4   3 3   14 9   15 10   8 3   13 13   39 3   11 3   9 10   2 10   35 15   21 1   19 12   22 9   24 4   26 7   36 6   5 4   4 1   32 14   41 5   27 1   16 10   0 1   30 5   47 3   40 7   
44 4   38 8   4 9   16 6   26 15   31 8   32 2   2 4   24 13   40 15   36 2   10 13   29 10   8 2   11 2   49 3   1 10   19 7   39 7   46 2   27 2   37 10   43 13   28 9   45 15   15 3   9 15   6 10   48 4   3 15   30 6   21 14   14 7   0 2   47 8   33 15   12 13   20 3   13 10   35 5   17 11   5 2   22 5   42 12   34 11   41 13   25 5   23 2   18 1   7 1   
24 2   26 12   49 10   8 10   34 3   41 5   6 13   7 2   9 10   47 6   2 7   43 4   45 3   21 10   30 4   20 7   44 3   22 7   31 2   32 14   17 9   25 11   3 7   28 10   40 6   42 15   33 5   46 15   39 3   10 9   13 2   14 6   38 4   29 13   35 11   1 13   36 14   11 3   16 15   27 2   23 3   5 9   12 1   15 14   37 5   48 3   19 8   0 14   18 6   4 10   
21 4   47 3   10 2   22 6   37 6   35 10   24 11   12 6   13 5   17 5   7 2   3 6   16 3   38 11   2 5   30 12   27 1   31 13   49 11   8 8   29 14   44 11   1 10   25 4   28 8   26 4   9 6   46 9   41 15   5 8   19 1   20 3   11 13   18 11   45 6   23 2   43 14   40 10   15 8   48 6   36 5   0 3   6 2   14 12   32 9   42 10   4 12   33 1   34 10   39 10   
9 8   1 9   20 15   13 7   14 3   2 10   48 12   31 9   4 13   22 15   7 5   28 13   18 7   45 7   41 1   43 3   16 9   21 2   38 2   24 4   17 8   27 6   39 5   0 15   12 8   30 13   49 4   3 6   36 1   19 15   6 4   15 2   10 15   32 4   5 2   29 4   23 6   47 9   8 9   25 11   26 7   34 15   37 3   42 15   46 14   40 14   44 12   35 10   11 5   33 3   
25 4   39 15   1 15   26 6   6 15   42 6   37 6   7 6   16 6   11 14   45 14   21 8   31 8   27 9   12 3   30 10   35 12   46 8   18 10   23 2   14 1   44 4   34 7   41 12   32 2   5 3   2 2   22 1   20 8   10 9   29 8   13 5   19 2   33 2   28 5   15 5   9 4   0 14   24 7   17 3   47 3   38 5   49 4   8 5   3 3   43 4   36 7   48 6   4 6   40 12   
35 3   27 11   0 1   28 14   30 6   13 7   23 2   32 1   29 3   5 15   47 5   49 3   48 2   34 5   11 12   31 7   1 1   15 2   16 9   40 7   43 12   41 14   24 11   45 9   37 1   2 5   18 12   20 3   33 4   22 4   4 15   36 11   14 3   39 5   38 1   9 12   21 7   44 6   8 3   26 5   3 9   42 6   46 14   6 4   17 15   12 3   25 2   19 13   10 4   7 1   
47 2   30 10   17 6   19 12   35 4   5 11   0 7   48 12   25 7   2 2   29 10   24 14   32 7   3 12   44 6   34 6   33 15   28 13   8 1   21 4   42 14   20 4   13 13   36 2   41 5   23 11   18 14   15 8   39 6   16 4   14 5   10 4   1 15   9 2   40 12   49 3   12 13   6 11   46 15   38 1   11 8   31 5   4 5   37 8   27 11   7 8   22 5   43 5   45 7   26 11   
46 13   31 8   15 15   6 5   23 9   37 3   2 2   36 12   10 6   21 12   24 15   47 4   48 5   1 3   44 1   20 6   5 10   28 3   19 14   14 2   4 7   13 5   9 2   30 2   17 3   18 13   40 2   0 15   3 3   35 2   43 6   34 4   25 8   8 9   7 15   33 12   29 15   38 11   22 9   16 6   32 15   41 8   42 1   45 13   11 8   49 10   27 12   26 1   39 3   12 3   
6 10   16 7   13 15   28 2   39 10   4 7   23 11   47 9   24 2   10 2   35 4   20 15   43 6   34 5   5 6   17 6   14 6   2 14   36 15   30 13   11 15   31 3   45 7   33 4   32 1   19 15   41 2   9 7   27 8   1 12   25 5   48 11   0 13   44 10   46 10   3 12   42 8   29 7   22 9   12 2   21 12   18 7   49 6   7 2   8 13   26 3   40 10   38 7   15 8   37 4   
2 11   36 11   8 5   21 7   12 4   33 3   31 10   22 2   9 5   35 1   46 3   1 7   34 9   14 2   47 3   5 7   19 9   41 4   20 6   17 7   44 13   25 2   42 4   7 6   13 10   6 9   11 5   37 1   45 9   30 5   24 10   28 13   16 4   38 4   3 3   40 5   26 9   27 12   48 14   0 2   29 2   49 13   4 4   15 8   10 13   43 7   18 9   39 3   32 1   23 11   
5 9   13 2   35 3   42 2   41 8   14 8   48 1   19 14   6 2   34 9   38 2   29 12   4 1   36 15   2 3   20 15   26 12   46 5   37 12   8 15   33 4   24 14   16 15   12 14   23 5   17 7   43 15   9 11   22 14   3 1   27 2   1 1   47 15   49 2   32 3   21 15   40 4   0 10   18 10   15 10   31 3   10 4   7 7   44 12   39 11   45 2   30 15   25 1   28 6   11 7   
5 4   9 3   39 5   33 15   29 13   35 8   23 15   7 3   13 6   28 15   21 6   17 12   47 10   31 9   40 12   45 9   4 5   14 5   10 3   12 6   8 9   18 13   37 3   30 5   6 2   19 10   44 14   16 1   41 4   3 3   46 10   1 2   11 4   25 15   42 8   24 8   43 6   20 11   0 13   49 7   26 1   32 2   27 13   22 4   48 13   15 1   34 4   2 6   36 1   38 7   
33 3   39 2   0 4   43 1   1 7   3 12   35 5   32 2   15 11   5 7   12 3   38 15   31 10   37 12   16 11   24 10   9 5   14 13   28 9   21 9   10 5   41 3   22 1   48 9   13 2   49 5   44 2   4 5   47 2   42 8   36 4   2 8   25 13   34 15   7 1   11 5   18 9   19 15   8 7   30 10   29 2   20 4   6 7   40 1   26 6   17 12   23 14   45 13   27 7   46 3   
10 12   49 4   0 4   45 4   21 3   1 7   13 15   8 6   9 9   3 2   23 14   20 13   39 3   31 10   14 4   27 8   15 7   30 3   22 1   46 1   41 7   38 3   44 1   12 14   32 8   26 7   7 13   4 6   40 1   6 7   28 13   2 7   25 4   11 5   37 13   34 3   24 12   42 4   35 8   5 13   19 4   33 10   18 3   36 3   16 6   29 2   43 3   47 15   17 10   48 14   
1 12   17 7   14 1   27 4   28 2   3 12   48 8   7 3   21 3   16 15   19 11   38 4   4 13   12 5   34 13   45 14   24 15   25 5   26 1   0 4   2 3   33 3   30 1   6 4   10 10   32 6   46 14   11 2   5 6   43 8   31 3   41 4   23 7   15 4   18 15   44 11   49 9   8 3   37 4   9 6   35 4   40 3   42 8   39 6   13 14   20 9   36 4   47 6   22 5   29 10   
48 14   13 11   41 4   23 9   24 2   31 8   7 2   33 2   19 3   17 14   1 2   5 14   28 10   45 15   42 4   49 2   11 1   9 1   47 2   39 10   43 3   40 8   29 2   0 2   6 13   35 6   3 3   26 9   22 13   46 9   34 4   36 10   16 2   10 4   4 10   18 7   38 13   44 3   8 13   25 13   30 12   12 3   37 5   14 9   21 10   15 11   2 3   20 7   27 14   32 15   
26 3   17 7   12 13   6 8   9 12   11 10   3 7   43 12   36 9   19 2   18 6   5 14   15 9   34 7   41 11   23 13   8 13   33 5   16 8   13 1   38 10   1 5   42 2   0 1   45 3   21 11   2 4   4 7   10 9   49 7   48 4   37 15   46 4   30 4   31 3   27 2   32 13   35 14   7 3   20 9   29 11   47 4   14 14   39 1   28 13   44 4   40 3   25 3   24 15   22 14   
2 2   25 14   46 9   36 5   32 14   8 14   17 9   14 5   22 12   10 5   47 11   33 4   48 6   40 1   15 15   26 2   37 12   24 2   35 5   5 3   21 8   49 15   6 8   16 2   30 5   0 5   23 1   38 4   7 2   1 10   28 4   9 15   29 13   18 6   45 13   11 1   12 1   31 2   34 5   44 7   39 2   27 7   4 15   13 2   41 11   19 4   42 9   43 9   3 15   20 15   
14 11   23 2   16 3   10 2   26 10   7 15   3 5   33 15   40 5   18 9   9 14   0 10   42 13   13 9   47 2   46 5   37 7   48 11   36 7   19 4   29 3   6 4   24 4   2 8   17 5   11 11   35 13   39 8   27 7   8 10   28 5   5 8   21 13   22 9   34 6   41 6   31 5   12 2   44 13   1 15   32 10   25 7   49 15   20 8   38 11   4 15   15 6   45 9   43 7   30 7   
11 15   38 10   17 7   47 13   12 10   8 2   44 7   28 1   1 4   10 5   15 2   14 11   2 4   43 7   16 3   37 1   39 15   21 4   32 12   42 14   25 15   4 8   40 6   34 2   9 15   18 1   26 2   3 5   36 10   46 2   35 10   23 1   20 11   41 6   24 1   22 4   19 6   13 13   27 6   33 2   5 7   6 12   45 11   49 13   0 8   31 11   48 10   29 14   30 13   7 5   
27 3   23 3   11 5   40 13   6 3   10 12   36 14   43 11   21 9   22 10   45 1   3 1   8 15   26 2   4 6   2 4   5 10   32 8   30 8   44 1   0 8   15 3   25 3   33 14   1 15   13 15   38 14   18 3   37 8   7 2   20 8   34 2   17 15   14 5   24 11   48 4   31 9   9 12   41 10   16 2   39 14   19 15   46 10   49 3   29 7   42 14   28 12   12 10   47 15   35 4   
0 4   24 5   23 8   35 2   7 5   47 1   3 5   30 10   9 12   16 2   37 15   13 8   14 8   27 12   21 9   10 2   6 5   8 2   33 9   25 7   19 4   46 7   1 8   4 5   49 10   38 5   48 6   39 9   29 1   36 11   41 6   28 7   17 14   32 15   42 5   18 6   12 5   31 9   44 3   15 11   26 7   5 14   34 1   2 4   45 3   20 7   40 13   22 12   11 13   43 6   
19 1   25 7   33 3   17 6   16 5   44 11   28 5   3 6   22 3   36 9   27 6   7 10   37 7   9 3   20 1   6 9   23 15   5 3   41 8   0 15   43 2   29 10   1 8   31 2   30 8   45 7   2 9   11 12   14 7   8 1   47 3   21 13   35 2   34 2   12 1   42 2   26 9   48 14   15 2   24 3   49 15   46 12   40 3   10 8   13 3   38 15   32 4   39 6   4 14   18 4   
0 6   30 12   38 3   26 15   43 5   16 2   7 2   35 2   22 4   8 15   29 3   10 2   5 3   4 6   28 6   42 15   24 3   3 11   31 7   36 8   14 2   1 14   11 7   19 3   32 11   15 4   48 15   34 9   13 13   6 9   17 15   46 9   49 6   25 3   2 3   37 6   18 6   33 3   9 12   40 8   45 13   12 15   23 8   44 5   21 14   20 1   41 11   27 8   39 3   47 13   
12 8   47 7   9 4   25 15   28 7   1 3   26 3   7 6   23 3   24 5   21 3   43 3   49 14   15 1   6 6   17 6   38 8   30 3   3 1   27 8   45 5   22 13   11 13   37 15   19 13   29 3   33 15   2 1   13 8   4 15   48 6   42 3   5 13   35 14   10 4   20 4   31 14   41 12   40 4   14 10   46 3   8 7   39 8   32 3   44 4   18 2   36 10   0 6   34 9   16 9   
33 3   22 14   6 10   24 6   34 6   35 6   49 15   27 3   21 9   42 3   15 14   26 14   17 2   11 4   29 7   14 15   7 11   19 2   47 7   32 7   12 12   44 9   43 15   1 2   37 5   25 2   23 2   20 13   46 10   18 11   30 1   48 4   31 3   39 1   9 5   8 1   41 3   45 13   28 15   36 12   38 3   13 12   3 5   2 9   0 15   4 7   16 14   40 9   10 4   5 8   
35 10   0 8   38 13   7 3   20 12   3 5   48 13   4 3   24 8   5 4   12 10   22 2   37 6   6 14   46 7   36 10   23 2   10 9   1 5   34 11   49 15   29 2   31 5   15 4   25 3   14 6   30 9   11 8   26 2   43 9   27 13   32 3   21 11   28 6   39 13   47 1   18 4   13 2   33 12   19 8   44 14   8 4   41 10   16 4   45 11   9 4   2 1   40 3   42 5   17 1   
27 12   28 3   19 7   11 14   18 12   43 6   42 3   17 1   15 13   20 10   5 7   33 6   31 13   47 11   48 3   37 2   10 15   41 4   45 9   23 8   38 1   49 6   8 1   25 13   12 10   40 2   16 2   26 10   6 4   0 8   34 6   14 15   9 10   32 5   39 3   13 5   46 6   2 9   1 7   22 7   30 4   4 5   7 15   35 1   44 10   21 10   29 12   3 1   36 4   24 15   
21 14   9 14   40 10   15 2   8 3   47 5   48 2   36 3   42 9   49 5   46 4   24 3   32 3   2 5   28 4   0 5   33 4   29 12   18 12   41 3   45 2   3 6   37 3   4 13   14 1   31 3   12 10   35 2   10 11   13 3   34 7   16 12   39 6   22 10   44 15   23 2   26 4   6 2   30 8   5 12   17 12   43 4   7 11   1 12   27 9   20 10   38 10   25 15   19 3   11 7   
11 9   43 10   0 15   3 9   41 12   49 13   34 4   26 1   36 12   19 15   20 15   30 2   2 15   33 13   25 8   6 12   27 5   38 2   23 3   12 10   48 4   10 2   21 5   24 15   29 2   15 9   5 13   7 2   8 9   1 2   14 1   40 9   31 2   17 13   32 15   39 10   46 5   35 13   47 9   22 7   4 1   28 2   37 8   18 11   13 3   16 6   42 13   44 8   45 13   9 11   
41 11   9 12   42 7   30 10   17 14   5 5   33 14   13 9   23 1   12 2   38 11   16 4   18 1   2 6   1 14   22 15   37 11   31 14   46 2   28 10   7 1   15 9   6 6   32 1   49 4   47 5   48 4   14 6   26 10   36 6   8 13   29 3   27 3   11 8   35 5   25 15   44 2   39 9   10 4   3 2   45 15   4 15   19 4   21 9   40 4   34 3   43 8   20 12   0 15   24 1   
34 15   14 5   36 14   26 5   9 11   47 9   17 11   45 7   43 11   37 2   42 10   12 12   32 9   0 5   22 3   27 15   15 13   46 7   44 5   2 12   13 14   29 15   18 14   40 8   11 2   41 12   6 6   21 15   28 7   20 4   39 8   25 9   23 2   5 2   24 7   16 13   38 5   7 9   8 3   30 4   49 13   31 8   1 11   48 11   4 10   35 6   33 14   10 8   19 9   3 12   
41 2   31 7   34 15   49 5   14 3   39 14   37 9   3 10   35 8   27 10   48 8   6 9   32 14   12 15   16 5   42 2   17 15   21 3   26 15   40 6   15 10   7 8   8 9   22 4   2 6   0 2   43 1   46 10   24 13   29 6   36 6   45 1   33 10   25 1   20 4   5 11   10 2   30 1   28 15   47 11   19 5   18 7   38 14   1 1   9 9   13 12   4 6   11 8   23 6   44 3   
5 5   17 10   4 11   25 11   44 3   48 6   31 10   43 8   2 6   6 7   24 9   42 1   18 6   3 1   20 13   9 7   21 11   26 3   23 5   16 11   29 14   14 2   7 7   34 6   37 3   10 13   12 10   8 12   32 12   49 6   30 13   27 9   40 2   41 13   0 5   47 5   28 7   15 7   46 6   35 4   1 4   38 12   36 2   45 2   11 3   39 3   22 13   13 12   33 6   19 14   
48 5   3 5   22 15   17 15   35 8   36 10   15 15   13 10   24 6   41 10   4 4   45 2   30 10   49 6   11 2   16 13   6 1   29 11   31 6   32 3   27 13   47 15   44 15   34 2   38 5   1 10   5 2   26 9   21 8   39 4   28 14   18 5   12 3   25 11   46 4   0 5   8 10   14 11   10 3   9 13   19 3   37 3   43 9   2 4   7 1   23 6   42 2   20 3   33 2   40 5   
15 1   18 11   19 12   16 12   25 3   44 3   26 1   43 1   24 7   6 2   28 15   22 8   38 8   3 1   9 11   36 8   35 3   37 10   4 2   48 6   10 6   42 10   29 1   7 6   33 2   2 15   12 3   14 9   46 8   34 7   31 6   8 4   30 9   0 2   1 7   45 3   5 13   27 13   41 6   32 15   49 15   39 11   40 5   17 3   20 3   11 6   23 14   21 15   47 3   13 7   
44 9   29 8   46 6   48 7   0 4   16 5   34 1   8 10   18 4   37 9   22 14   45 2   32 12   27 5   35 3   19 5   1 2   33 3   24 4   9 8   7 8   38 7   49 14   5 10   3 8   20 3   12 11   31 7   23 1   14 11   28 8   40 3   15 9   25 1   42 14   4 1   36 12   2 8   47 3   11 7   17 12   39 1   6 6   10 9   30 11   43 6   41 1   26 1   21 15   13 13   
42 7   30 13   4 4   3 7   27 10   20 10   8 6   29 9   16 11   43 15   28 8   35 11   26 11   11 9   6 1   15 1   21 1   25 10   12 5   19 2   24 4   44 3   48 10   17 14   32 11   39 7   36 3   18 15   40 14   41 13   14 2   23 11   2 5   37 15   22 11   0 12   5 8   49 1   9 14   31 11   45 12   10 9   13 10   7 2   38 2   47 6   1 11   34 11   46 4   33 15   
30 11   7 4   22 12   40 5   3 3   5 9   4 7   17 4   12 3   25 14   41 7   6 7   44 14   26 3   47 6   15 5   34 7   31 15   24 8   14 9   2 11   9 7   1 10   48 4   32 8   27 3   21 9   19 2   37 4   23 2   10 3   11 9   20 13   38 2   33 1   46 9   29 8   49 14   0 5   16 8   42 2   39 4   45 10   35 15   36 15   18 14   13 3   8 6   28 9   43 11   
9 1   42 2   2 13   16 2   10 3   43 8   29 5   15 1   35 12   31 5   33 8   48 2   37 2   4 14   23 5   32 6   26 12   6 13   28 6   1 14   3 1   30 2   19 9   12 14   44 10   18 5   39 15   27 7   36 15   25 5   45 2   46 12   49 11   8 10   38 10   7 12   0 2   40 1   41 12   34 12   21 8   20 6   11 12   13 6   47 11   22 1   5 1   14 3   17 13   24 15   
32 1   35 5   9 4   30 15   43 6   11 2   42 15   19 11   31 8   16 5   12 9   36 15   49 12   22 6   44 15   25 15   15 13   47 1   41 2   33 3   4 8   20 11   14 14   2 15   27 12   6 8   0 1   5 11   40 3   46 13   18 5   38 9   23 1   1 12   17 15   24 2   3 6   29 9   37 2   39 9   21 4   26 7   28 10   10 4   7 1   8 1   34 11   13 14   48 9   45 1   
2 1   49 6   34 2   12 15   38 1   22 3   1 6   24 1   16 3   10 7   5 2   13 10   37 3   21 10   35 3   4 9   19 1   33 3   25 12   39 10   11 4   23 11   42 3   7 2   15 2   6 12   3 6   47 3   40 14   9 2   41 2   17 7   31 14   29 15   27 7   0 3   18 1   43 8   36 3   46 14   30 4   45 1   8 15   14 8   20 4   26 7   44 6   48 3   28 6   32 10   
36 8   4 13   7 4   37 10   35 2   40 10   6 8   1 12   29 7   42 1   0 3   8 2   25 3   43 2   34 4   32 10   31 2   33 10   20 8   44 15   23 1   10 5   41 8   13 9   27 8   12 2   18 3   2 7   48 7   5 12   9 6   28 4   39 9   47 15   3 4   38 11   30 14   24 2   14 1   49 6   26 8   17 3   45 1   16 15   21 13   19 6   15 4   46 12   22 5   11 13   
35 4   28 9   44 5   21 13   33 11   39 8   15 14   48 9   36 1   26 14   40 12   2 13   16 4   14 6   31 9   30 4   9 2   19 5   29 15   7 8   34 7   20 3   27 6   43 12   42 14   45 7   32 1   18 8   8 1   37 5   5 7   13 3   49 12   4 9   1 3   46 3   0 4   24 12   23 15   22 1   17 2   3 15   12 12   25 1   38 5   10 12   6 12   47 8   11 13   41 14   
11 15   26 7   31 10   23 13   13 9   30 1   12 14   22 6   43 10   24 5   33 12   29 7   39 6   32 9   17 2   15 1   48 6   2 1   47 2   0 9   3 15   34 3   16 7   37 2   40 10   6 6   4 12   41 12   14 15   10 14   25 8   27 4   28 11   45 11   21 11   1 15   8 12   49 4   5 6   20 14   36 12   18 8   35 6   38 9   44 7   46 15   7 2   42 6   19 8   9 9   
7 8   27 2   49 14   9 9   23 8   38 14   30 2   13 5   45 2   3 15   32 1   12 4   39 7   40 13   21 4   31 5   14 4   11 5   24 4   5 4   47 15   0 5   6 14   19 4   44 14   42 8   37 2   28 3   41 3   17 15   29 3   16 6   4 2   2 1   8 12   34 2   10 12   46 3   25 13   48 11   1 12   26 12   36 12   18 5   35 6   20 14   43 4   22 6   33 4   15 1   
40 2   33 3   19 14   16 7   28 8   30 2   41 7   26 6   1 3   0 15   49 2   25 11   27 12   39 5   42 2   11 9   34 13   21 9   35 15   29 4   46 13   32 8   23 10   8 7   48 7   47 8   45 2   38 5   7 4   31 15   20 5   36 15   3 12   15 2   22 9   13 14   37 7   44 3   5 3   18 15   2 2   9 10   14 7   12 5   17 3   6 15   10 9   4 5   24 11   43 15   
25 1   26 12   11 8   32 14   10 12   2 15   0 3   45 2   46 15   34 14   31 13   48 15   41 1   27 3   24 14   19 6   18 3   30 15   5 14   33 1   13 7   16 1   36 3   22 1   28 3   8 10   3 8   7 8   9 15   14 11   1 5   6 1   20 9   37 7   49 11   39 11   23 3   42 10   38 3   47 9   35 13   17 4   43 5   40 5   12 3   15 4   4 14   29 15   44 8   21 7   
25 6   12 4   17 6   31 8   14 2   40 3   6 4   13 15   4 5   30 6   49 7   29 13   23 6   37 15   2 8   21 8   35 1   9 2   44 9   41 8   48 4   16 3   1 7   10 9   20 6   27 15   28 4   43 14   33 5   8 2   22 3   0 1   46 3   47 14   45 8   18 15   32 7   36 3   7 4   3 15   11 1   34 6   42 13   5 5   19 9   39 4   15 15   24 7   38 6   26 4   
32 8   13 13   31 12   25 6   38 15   3 2   2 5   24 8   47 5   18 11   20 4   40 15   28 15   46 9   41 15   7 9   10 2   8 12   11 11   39 10   43 2   0 5   22 2   36 12   12 13   35 13   37 5   30 2   29 6   5 1   45 8   34 2   14 11   26 15   15 10   19 14   1 8   33 15   21 2   17 15   9 15   27 8   44 8   6 3   4 14   23 6   42 2   16 3   49 5   48 10   
6 10   17 4   11 5   33 7   9 2   21 9   8 2   39 1   13 4   15 6   4 6   1 13   34 8   28 7   3 3   25 1   10 5   22 15   42 2   36 4   37 3   38 1   20 1   5 13   32 5   26 15   0 13   31 13   44 7   47 3   46 9   30 10   48 7   35 14   12 7   49 3   16 13   45 6   19 14   14 13   27 15   23 10   24 5   18 4   29 3   43 5   7 13   2 3   40 12   41 9   
