20 10 
6 10   9 9   5 4   1 15   0 2   4 13   3 2   8 6   2 4   7 12   
4 10   2 10   6 8   9 1   8 14   1 13   5 8   0 2   3 4   7 5   
6 13   8 9   1 15   3 15   0 5   4 5   5 10   7 9   9 3   2 14   
0 14   5 3   7 7   4 14   2 11   9 1   6 4   8 3   3 6   1 2   
5 1   1 2   9 1   4 1   6 3   2 5   7 2   3 4   8 3   0 5   
5 1   2 10   8 6   0 14   3 5   4 13   6 6   1 2   7 6   9 9   
9 5   2 2   3 15   0 12   6 9   7 4   4 9   5 2   1 3   8 10   
6 11   9 2   0 6   2 8   7 11   1 10   8 11   5 1   4 11   3 4   
4 9   0 5   5 7   2 3   7 10   6 7   1 14   3 8   8 15   9 5   
0 5   2 4   8 1   4 3   9 2   7 6   1 5   6 12   5 4   3 8   
9 11   5 8   2 9   7 7   0 8   3 11   8 15   4 8   6 11   1 10   
7 4   2 8   3 12   4 5   5 11   0 5   1 3   8 4   6 2   9 9   
0 3   4 2   5 4   1 13   7 11   3 12   8 13   9 10   6 10   2 3   
6 11   0 9   4 13   7 2   5 5   9 9   3 15   8 4   1 3   2 1   
5 10   7 4   1 4   9 6   4 4   6 12   2 5   0 2   3 7   8 8   
4 13   9 5   5 4   1 13   8 12   7 15   2 11   6 11   0 8   3 5   
9 7   6 11   0 9   8 12   3 2   5 11   7 13   1 3   4 6   2 11   
7 3   0 7   4 13   6 4   9 13   2 5   1 4   8 7   5 2   3 2   
3 10   6 9   2 10   8 4   1 15   4 6   9 3   5 9   0 11   7 5   
9 13   2 15   8 14   6 4   0 15   5 12   4 12   1 3   3 14   7 5   
