50 25 
12 10   10 3   18 14   0 6   2 1   9 5   6 10   7 5   20 5   4 5   3 9   13 8   16 6   14 11   1 2   8 3   21 2   17 11   23 3   11 2   15 15   19 2   24 10   22 5   5 7   
4 4   3 1   15 8   21 3   9 7   12 11   11 14   2 13   1 9   6 4   17 9   8 1   24 1   20 9   22 6   23 8   7 7   13 10   0 1   10 3   16 10   14 11   5 11   19 7   18 10   
15 8   13 15   7 8   19 11   1 14   10 14   5 15   21 9   17 13   16 2   11 8   20 4   0 14   8 7   9 15   4 14   3 1   2 12   24 15   14 1   18 5   22 10   23 6   6 4   12 11   
14 7   22 2   0 5   23 2   24 11   8 13   2 4   1 5   11 15   5 1   19 2   6 6   7 3   10 11   15 3   18 2   16 3   12 8   21 8   9 12   3 9   20 5   4 6   17 6   13 4   
19 13   2 3   20 3   13 15   22 8   21 12   16 5   3 15   0 3   10 9   9 14   17 9   8 5   14 15   18 5   23 4   1 7   4 9   12 9   5 9   7 15   24 6   6 1   11 1   15 4   
8 15   9 10   2 4   21 1   5 1   12 6   1 14   0 15   24 8   7 5   10 5   20 3   3 14   11 3   6 6   23 2   13 10   22 12   16 6   17 14   15 6   19 11   4 5   18 10   14 15   
22 4   15 2   13 6   12 10   7 12   18 1   9 12   1 13   14 12   20 9   4 8   21 3   11 13   5 14   8 6   2 2   10 10   3 4   24 12   6 1   23 13   16 11   17 1   0 9   19 3   
23 2   5 5   3 14   21 4   22 12   19 2   6 4   0 9   2 15   12 8   17 10   7 4   11 5   13 2   20 3   16 11   8 15   18 3   24 4   10 11   4 7   1 1   9 1   15 1   14 10   
0 8   6 14   24 8   1 9   22 5   16 2   19 8   11 1   5 2   13 5   18 1   15 15   3 3   23 7   14 7   10 4   17 6   2 1   4 13   8 9   12 11   20 5   7 13   9 4   21 10   
17 2   6 8   15 10   0 12   12 13   20 11   8 14   13 5   3 12   2 7   21 8   24 10   4 6   14 1   9 4   18 3   19 15   23 7   11 5   1 6   22 11   10 5   7 6   5 1   16 11   
10 4   21 12   13 3   4 6   15 5   19 12   16 2   2 11   20 8   17 10   1 4   8 12   14 10   6 7   24 2   12 2   5 9   9 6   3 13   7 9   23 9   18 5   11 6   0 5   22 5   
16 14   12 4   7 1   20 15   0 6   6 8   21 6   2 12   8 12   24 1   15 9   22 3   19 10   17 10   1 1   9 13   23 2   4 6   13 10   3 8   10 5   14 6   5 5   11 14   18 7   
20 14   22 15   11 10   12 10   14 1   0 9   9 12   16 9   8 15   19 6   3 11   10 3   18 15   6 8   17 8   23 3   2 10   15 15   13 4   7 14   24 15   5 6   4 2   1 3   21 5   
22 3   1 4   2 1   17 15   19 11   9 2   12 1   24 1   6 14   10 2   4 6   14 12   15 6   21 4   13 4   3 4   7 11   23 11   0 10   18 4   16 8   20 1   8 5   5 15   11 13   
6 15   8 12   20 10   3 14   19 2   4 15   1 1   7 15   17 4   13 8   22 4   5 12   18 8   21 15   14 8   16 7   24 9   10 1   23 6   0 13   2 14   11 2   9 8   12 8   15 4   
22 3   3 12   20 5   1 15   24 13   0 8   4 2   10 10   21 11   9 6   19 3   2 1   8 8   16 1   15 8   6 10   11 4   7 5   23 5   18 7   5 11   17 8   12 8   13 1   14 11   
23 1   14 9   12 1   11 13   13 1   15 15   16 7   0 10   6 5   5 1   24 5   10 3   1 8   9 2   17 15   2 2   19 8   22 7   20 1   7 10   21 13   8 15   18 9   4 3   3 8   
7 1   24 9   6 5   3 9   0 10   1 1   12 3   15 10   13 8   2 15   23 15   20 2   10 12   17 12   18 8   19 9   14 12   5 3   22 1   8 9   16 3   9 15   4 7   21 2   11 11   
13 14   7 10   0 5   14 8   5 2   18 13   1 8   10 14   9 8   21 5   15 1   6 10   20 13   3 15   2 12   23 13   16 15   4 14   19 3   22 2   12 14   17 2   11 5   24 15   8 3   
10 9   15 13   13 2   1 15   7 5   14 10   18 12   5 9   9 2   21 7   6 5   23 6   8 8   3 2   0 14   24 10   12 4   20 11   16 3   17 9   19 13   2 11   22 13   4 10   11 10   
2 15   12 13   18 8   5 12   9 2   0 3   22 3   7 9   24 14   14 8   21 2   1 6   4 11   10 4   3 5   13 5   15 10   6 13   20 6   11 12   17 3   23 11   8 4   16 14   19 9   
5 7   2 3   18 7   15 1   17 1   21 15   7 5   14 2   9 5   1 2   16 10   4 1   23 4   3 8   8 3   0 12   22 7   20 11   11 4   10 3   24 5   12 9   19 7   13 8   6 11   
10 10   24 5   19 5   6 12   8 5   1 15   22 10   0 14   9 14   2 15   14 12   4 12   18 2   15 7   20 4   12 11   11 6   21 2   7 4   17 3   13 11   16 2   5 6   23 8   3 6   
1 10   24 5   10 6   4 3   0 15   9 4   13 6   20 12   15 10   19 1   8 1   22 9   14 6   11 10   7 10   5 2   17 12   18 4   2 6   3 13   6 10   23 7   21 1   12 4   16 14   
22 9   10 14   1 1   0 2   14 7   21 4   13 13   17 13   12 15   20 9   6 9   2 10   5 1   19 11   15 13   4 15   3 11   8 12   23 15   9 6   24 3   7 9   16 13   11 6   18 5   
7 9   14 7   10 12   18 15   4 10   3 12   23 5   0 1   19 7   2 13   13 12   20 2   21 5   9 3   5 2   17 6   8 5   22 3   6 3   1 3   11 4   15 2   16 12   12 4   24 9   
11 4   0 2   2 14   13 15   6 10   21 14   9 1   18 7   7 1   19 2   22 2   5 7   23 7   16 5   8 14   14 1   10 6   3 2   12 15   1 4   17 12   20 14   15 1   24 1   4 9   
0 9   18 9   11 10   3 8   2 3   4 6   1 13   5 7   21 8   8 4   22 13   10 6   23 10   16 14   15 3   7 6   14 15   17 6   9 2   24 14   20 12   13 9   12 2   6 5   19 15   
1 1   10 10   23 8   6 1   12 2   16 13   13 7   3 1   11 6   4 15   14 15   5 1   22 5   19 2   0 3   7 1   17 3   18 12   21 5   15 4   2 6   9 5   20 10   8 1   24 14   
3 6   19 4   23 3   18 5   10 4   22 10   7 6   17 15   1 1   13 7   16 1   9 10   21 8   24 3   20 6   5 12   2 1   14 5   11 5   8 6   6 10   12 6   0 14   15 8   4 6   
23 6   17 1   6 13   12 6   21 7   2 6   7 11   18 11   13 5   0 13   20 1   4 4   14 9   11 7   10 15   1 3   24 11   3 1   15 15   9 7   5 12   8 5   16 9   22 3   19 4   
17 2   22 14   0 12   20 12   24 14   15 10   6 8   16 5   12 6   3 15   11 6   2 9   1 1   8 8   19 1   5 9   14 9   10 10   13 1   9 9   23 10   18 14   21 4   4 14   7 12   
20 7   15 1   5 8   16 4   11 9   2 11   7 6   10 15   13 13   9 13   1 5   8 3   17 15   23 13   22 2   6 11   19 6   21 4   12 5   0 2   18 4   3 8   4 9   24 14   14 15   
12 5   18 9   24 15   11 10   20 9   1 13   22 8   9 1   5 7   15 3   14 3   17 5   8 6   7 7   4 2   2 9   3 7   0 8   10 4   13 8   6 2   23 10   16 1   21 2   19 6   
4 11   13 8   20 13   16 13   14 2   22 1   9 1   21 9   8 13   0 14   11 2   1 2   2 9   19 9   10 8   6 2   23 12   15 7   7 2   17 13   3 4   24 9   18 2   5 2   12 6   
4 2   5 4   17 15   2 8   18 14   1 10   21 5   8 14   3 11   13 13   24 14   22 2   9 3   20 12   23 11   19 11   14 10   15 12   0 13   11 4   12 15   10 3   7 4   16 7   6 3   
16 1   19 1   6 14   13 4   9 2   21 9   3 4   1 11   17 7   18 4   8 13   2 6   11 11   10 7   22 14   5 9   20 1   15 6   4 12   23 4   24 3   12 3   0 6   7 7   14 5   
24 9   20 2   0 12   2 4   9 12   21 10   7 12   13 13   8 12   5 1   15 3   11 6   4 7   17 8   10 15   6 10   23 8   19 12   18 14   3 5   12 5   16 1   22 14   1 5   14 15   
20 4   8 11   0 11   5 8   4 4   19 1   2 10   24 6   10 9   1 15   17 7   15 10   13 3   18 3   22 3   7 3   14 2   11 15   21 1   16 10   6 7   12 1   23 5   3 10   9 7   
20 9   18 12   9 1   22 5   17 5   21 4   15 4   12 10   5 12   24 2   7 14   2 11   23 13   10 8   1 2   8 13   4 3   19 13   11 13   6 10   0 9   16 6   13 10   3 9   14 13   
16 3   17 1   10 7   5 11   6 14   3 1   13 2   7 2   0 2   8 1   24 1   14 10   1 9   12 4   21 5   20 13   15 10   23 2   22 9   2 4   19 10   18 4   4 7   9 3   11 1   
10 11   5 4   11 3   13 2   0 13   16 7   14 11   3 5   17 3   19 6   2 10   18 10   9 2   8 9   24 8   7 1   21 10   4 13   6 3   22 8   20 8   15 15   1 5   23 9   12 8   
5 3   21 15   1 13   23 6   8 10   18 6   3 6   9 9   10 5   4 12   16 7   17 3   7 1   14 2   11 13   22 13   13 5   12 13   15 7   0 14   19 1   2 3   24 1   20 14   6 9   
6 2   16 11   21 4   7 5   19 6   4 6   15 1   20 5   1 14   2 8   0 12   13 5   17 6   8 4   3 6   14 14   5 8   11 11   23 8   24 1   18 4   9 6   10 7   12 10   22 12   
17 14   13 3   7 2   3 15   1 3   6 6   2 9   4 2   12 14   18 9   5 11   16 15   11 11   0 13   14 4   24 5   20 12   15 1   8 12   21 7   23 15   22 8   9 10   10 4   19 5   
18 2   12 3   24 6   7 4   22 10   0 1   6 6   3 1   11 9   10 9   8 3   19 3   17 7   14 6   9 8   4 8   21 6   23 9   5 5   20 2   1 1   13 9   16 13   2 7   15 8   
10 5   19 15   3 14   6 14   12 10   14 11   8 3   2 3   20 13   5 12   16 4   15 9   17 1   13 3   0 9   4 1   21 13   9 10   7 2   22 6   11 11   24 8   18 8   1 4   23 13   
23 9   21 3   18 13   13 13   16 4   3 8   11 12   12 3   4 4   14 8   17 15   10 6   20 3   7 6   1 12   22 9   19 10   15 14   2 8   0 14   24 2   6 8   9 7   8 13   5 15   
22 14   15 2   20 1   21 12   3 10   18 15   11 12   17 2   6 7   2 5   0 6   23 8   12 11   8 4   5 15   14 12   19 15   4 15   13 13   7 8   1 4   24 2   9 4   16 5   10 5   
20 1   19 2   15 1   13 1   0 9   3 1   22 8   17 14   8 7   18 11   24 13   16 2   2 10   7 7   1 6   4 14   14 4   21 9   10 2   12 9   11 14   5 12   6 12   23 5   9 5   
