40 20 
6 4   11 7   13 2   19 3   12 2   3 1   14 6   8 4   18 1   17 10   1 6   5 10   15 2   9 1   4 10   2 7   7 10   10 2   0 6   16 4   
9 4   11 1   15 8   1 7   18 1   5 1   16 2   14 4   6 2   12 6   3 6   4 8   0 6   8 10   7 1   2 6   13 2   10 7   19 5   17 2   
10 9   14 9   16 2   8 4   11 4   17 6   15 2   12 2   3 7   9 9   19 4   5 8   2 10   18 1   4 3   1 9   0 9   13 4   6 2   7 10   
9 10   18 1   13 8   5 2   17 3   1 1   2 1   16 2   3 7   6 7   15 2   14 3   11 9   4 1   7 2   10 3   8 4   19 7   0 4   12 3   
13 4   2 1   14 5   8 5   6 9   18 2   15 8   3 6   10 7   12 7   16 8   11 9   9 4   17 2   7 1   1 2   19 5   4 5   0 1   5 8   
11 10   5 2   19 10   18 2   17 1   6 1   0 1   12 3   9 9   1 1   2 2   7 7   8 3   14 8   13 7   16 7   15 1   4 2   10 2   3 1   
3 7   15 6   2 6   4 3   13 1   19 2   16 5   10 8   17 4   8 6   6 9   14 2   1 4   11 1   5 7   12 3   0 5   7 3   9 3   18 9   
6 6   8 10   1 7   3 9   10 9   14 1   15 5   2 4   19 2   18 7   11 3   17 9   9 5   16 8   5 2   13 1   12 8   0 5   4 9   7 10   
8 7   4 5   11 4   10 3   6 2   16 7   5 4   0 7   3 2   13 7   9 5   19 4   18 2   12 3   7 4   2 10   15 10   1 3   17 4   14 4   
1 7   5 9   7 2   11 8   4 2   9 2   3 4   18 1   2 3   10 6   16 5   14 1   8 3   6 4   17 5   0 6   15 4   19 1   12 2   13 10   
4 9   14 3   13 7   1 6   3 3   12 10   0 1   5 1   10 5   15 4   17 5   9 7   6 7   8 6   2 7   7 3   18 10   19 4   16 7   11 5   
16 1   15 1   1 6   11 10   3 1   13 6   6 6   5 3   4 6   17 8   10 9   18 3   19 4   0 1   12 1   14 5   7 4   8 2   9 4   2 5   
13 2   14 3   16 2   9 3   3 10   8 2   19 9   15 1   17 9   1 10   18 8   0 6   12 2   5 3   2 9   4 8   11 8   6 4   7 4   10 5   
7 3   14 1   9 7   19 8   10 4   12 5   15 5   0 7   2 7   1 2   5 2   18 1   17 1   6 6   3 4   11 5   4 2   13 8   16 1   8 9   
9 6   17 8   8 8   3 9   1 3   10 2   11 7   2 5   14 6   16 6   7 10   5 2   19 1   0 3   15 9   13 2   12 7   4 4   6 8   18 1   
19 4   7 10   6 6   0 2   18 5   4 7   8 1   9 8   11 3   15 3   3 1   5 1   12 4   17 4   1 2   13 7   2 4   10 1   14 3   16 2   
13 7   9 7   10 10   11 4   3 5   14 10   8 5   5 5   18 7   6 5   17 3   1 10   4 6   12 1   7 8   0 9   19 6   16 2   15 6   2 10   
3 1   12 5   14 7   18 5   5 5   7 2   13 3   16 8   4 9   19 2   17 3   1 5   6 10   11 4   8 5   2 8   0 10   10 9   15 7   9 2   
6 2   11 3   12 5   5 2   16 3   3 1   7 3   9 9   8 3   18 2   14 3   2 6   4 3   0 6   10 5   19 9   17 8   1 5   13 4   15 6   
13 3   8 1   15 5   7 10   12 3   18 8   4 3   16 1   19 1   1 10   9 4   11 5   6 1   0 1   17 4   14 1   2 10   10 3   5 4   3 10   
9 1   0 4   18 9   15 9   2 3   13 8   19 6   6 1   7 2   4 2   16 1   12 10   5 1   11 4   14 3   17 2   8 2   3 9   1 6   10 2   
5 7   8 8   4 1   18 10   0 2   1 8   16 4   13 2   7 1   2 9   9 1   12 10   14 2   19 9   15 3   10 10   6 6   17 1   11 3   3 4   
4 3   7 1   16 2   18 1   8 2   14 10   10 8   0 3   19 8   3 2   11 9   1 6   12 2   2 9   17 6   6 6   9 10   5 4   13 1   15 1   
7 7   5 3   9 8   19 1   4 5   13 2   3 4   16 2   14 7   2 10   17 7   11 1   0 2   10 7   6 7   1 1   18 7   8 3   12 3   15 5   
7 4   8 7   17 10   19 7   16 4   18 10   2 1   5 9   15 10   10 6   11 8   6 3   4 3   9 10   1 4   12 8   14 2   3 8   13 8   0 4   
3 4   13 8   5 6   19 2   14 6   1 3   15 5   16 5   6 3   9 4   4 4   8 8   11 4   12 6   7 2   10 3   17 5   0 1   18 3   2 10   
15 8   14 4   16 2   19 4   8 10   0 3   13 9   1 6   9 10   17 8   11 2   6 8   12 6   4 10   2 9   3 2   5 5   7 3   10 8   18 10   
1 2   0 5   13 6   4 1   19 1   14 6   6 10   9 10   12 6   16 10   3 8   10 2   7 2   18 6   8 10   11 6   5 2   15 10   17 2   2 2   
9 2   2 6   10 9   7 9   14 10   6 8   1 1   4 4   13 2   8 1   12 4   18 2   15 6   19 10   11 7   5 10   16 1   3 8   0 2   17 3   
9 6   2 8   12 4   13 4   16 5   1 1   15 6   14 6   8 7   4 6   3 4   10 6   18 2   7 6   0 5   17 7   5 3   19 6   6 3   11 2   
2 3   4 10   0 5   3 4   7 3   10 4   11 7   17 4   6 8   16 7   5 5   19 10   15 8   9 3   14 3   13 2   1 7   12 4   18 10   8 5   
1 6   11 10   0 5   9 1   6 7   14 4   3 7   5 9   4 3   15 3   10 3   12 7   16 2   7 4   19 4   8 1   13 2   17 1   18 5   2 10   
12 5   15 4   4 1   0 7   19 2   3 3   10 8   7 3   11 6   14 4   8 5   16 4   18 4   5 3   17 8   1 1   13 10   9 10   6 1   2 9   
0 1   2 7   10 7   6 10   8 6   5 4   12 2   11 1   13 7   1 1   7 1   9 5   18 2   16 9   17 7   19 4   3 6   14 1   4 6   15 10   
12 9   7 4   4 9   11 2   13 10   9 6   15 1   8 5   18 8   10 10   3 5   1 7   19 1   17 3   5 8   14 1   0 1   6 2   16 6   2 9   
14 9   2 1   3 8   6 6   10 9   16 6   4 1   5 4   8 8   13 5   0 6   17 6   12 10   9 1   7 5   15 7   19 5   1 2   18 1   11 10   
14 3   17 4   4 7   9 6   2 7   1 10   7 7   10 9   19 6   16 1   5 7   18 10   13 1   0 3   3 2   6 5   15 7   12 1   8 8   11 9   
17 7   15 1   3 9   11 7   8 2   0 1   7 5   6 1   2 8   12 6   19 5   4 2   14 9   18 1   13 7   10 3   16 10   1 4   5 2   9 5   
14 9   11 8   16 9   17 1   19 4   9 1   18 8   1 9   0 2   5 6   15 2   7 4   4 10   6 7   12 2   3 1   10 2   2 10   8 8   13 10   
14 7   3 2   4 2   8 1   6 8   13 5   19 6   15 7   17 4   10 8   0 1   11 2   1 1   12 1   5 8   7 7   16 6   18 2   9 2   2 10   
