40 20 
4 1   5 5   2 10   18 2   7 5   19 4   11 4   10 2   9 3   16 10   1 5   13 7   3 2   0 6   12 5   15 4   6 9   14 10   8 1   17 7   
3 10   16 5   0 6   17 5   7 7   11 3   6 2   1 3   15 2   9 1   12 9   13 2   4 9   14 6   10 1   8 2   18 3   5 10   2 1   19 1   
3 8   9 2   0 8   8 4   7 1   5 10   17 2   11 7   2 5   10 8   16 8   14 6   18 4   15 5   13 9   4 6   6 8   1 2   12 4   19 9   
1 9   17 6   4 1   6 2   3 8   14 6   2 3   8 9   0 10   11 8   5 3   13 7   18 2   9 2   10 4   12 4   19 5   15 1   7 4   16 7   
15 6   14 6   9 1   0 6   6 10   5 3   7 4   3 6   2 3   19 8   12 2   13 5   18 3   4 10   17 4   1 7   10 10   8 8   11 2   16 5   
13 2   17 9   4 8   19 2   8 7   2 3   12 4   15 5   3 1   10 5   7 1   0 10   9 1   5 1   11 7   6 5   14 1   1 3   18 6   16 2   
19 7   12 1   1 10   15 1   17 10   10 4   5 6   2 5   9 2   16 10   13 2   18 3   7 4   0 2   14 3   6 4   11 7   3 4   8 6   4 5   
9 10   6 3   15 1   14 3   16 7   2 5   1 5   13 5   5 4   12 8   11 3   10 3   8 8   0 10   3 10   7 6   18 1   4 1   17 3   19 5   
8 5   17 7   7 6   4 2   15 9   18 2   0 10   2 2   10 2   14 6   12 1   13 10   11 7   6 4   19 5   9 4   16 6   1 7   3 1   5 10   
4 8   0 3   3 1   8 2   15 1   11 4   17 10   18 2   9 8   12 2   7 3   19 1   10 10   1 5   5 3   13 2   16 7   6 1   14 4   2 3   
0 8   12 2   6 2   11 8   1 9   3 8   13 2   16 10   17 1   7 7   8 1   15 2   2 1   10 6   18 8   14 8   4 8   9 4   19 1   5 3   
0 2   16 4   12 5   3 6   14 2   17 5   1 5   7 2   8 10   10 8   19 8   2 7   4 1   6 2   11 4   15 1   5 2   18 4   9 9   13 10   
15 7   8 10   6 6   7 7   16 2   2 3   9 10   12 8   18 10   5 1   14 8   0 5   11 1   13 2   19 7   17 9   10 2   3 2   4 4   1 8   
8 4   19 3   18 7   11 5   1 5   12 4   0 1   2 3   17 5   3 8   6 3   14 5   10 3   5 9   9 10   13 9   15 2   4 2   7 5   16 1   
12 8   14 2   19 3   6 6   1 7   5 3   13 5   18 3   7 7   0 4   3 2   10 3   2 4   8 2   16 6   17 3   11 6   15 8   4 5   9 6   
8 2   11 4   3 1   0 1   4 8   9 4   19 10   16 2   2 9   15 6   17 2   5 10   14 4   1 2   12 10   7 5   13 10   6 2   10 1   18 7   
0 10   4 9   3 8   9 1   16 3   12 10   7 2   8 6   11 10   10 8   13 5   17 1   15 10   1 2   19 4   2 8   14 10   5 6   18 10   6 4   
12 7   0 10   7 7   1 2   5 4   6 3   11 3   4 3   2 2   8 4   19 5   13 5   17 3   16 8   3 7   15 7   10 1   9 10   18 6   14 1   
11 10   19 2   9 6   16 2   10 9   3 8   6 8   8 1   1 5   2 2   18 1   13 10   14 9   5 6   0 1   17 7   4 7   15 2   12 7   7 9   
9 4   13 10   12 1   3 3   16 2   18 10   7 6   1 5   10 3   4 8   17 2   14 10   11 9   6 10   15 3   8 9   2 4   0 10   5 3   19 7   
8 3   19 5   9 2   16 1   18 5   6 2   11 6   7 1   10 7   0 1   3 10   2 4   12 3   1 7   17 8   15 5   14 3   4 10   5 2   13 5   
13 3   11 10   15 1   5 6   10 10   14 1   4 1   9 10   3 3   7 6   16 5   0 4   1 2   19 3   8 4   2 10   12 4   17 10   18 1   6 2   
4 2   11 6   8 5   6 4   5 1   14 2   16 10   1 4   17 3   7 3   13 5   18 8   2 3   9 8   10 8   19 7   12 9   0 4   15 4   3 6   
1 1   2 3   10 3   12 8   16 7   6 2   7 1   5 5   17 8   4 5   8 5   9 3   15 4   0 10   13 5   14 3   3 4   19 6   11 4   18 5   
8 2   4 7   18 5   3 5   19 10   11 3   0 5   15 3   17 6   13 2   5 10   6 1   2 9   16 6   12 4   1 3   9 4   10 8   7 8   14 3   
14 5   11 8   8 1   18 4   6 1   17 10   19 7   16 7   4 2   10 7   2 7   12 3   0 2   3 4   7 2   15 10   9 5   5 2   1 2   13 6   
10 2   6 3   5 1   8 8   17 7   12 5   2 7   7 6   16 5   3 1   14 1   1 7   9 4   11 1   15 1   0 2   13 6   4 2   19 1   18 4   
9 6   1 5   2 6   14 2   13 3   15 9   11 4   4 10   10 4   0 8   8 6   16 10   6 6   18 1   12 3   7 2   3 10   17 2   5 5   19 3   
5 6   17 1   14 6   6 5   2 4   18 10   4 10   0 4   13 2   16 6   8 1   7 5   15 9   19 8   1 3   9 8   12 1   3 2   10 1   11 6   
3 5   7 4   18 6   17 6   8 6   4 6   16 3   6 7   19 3   2 10   13 7   12 3   10 1   1 2   11 3   14 2   5 1   15 3   0 10   9 10   
12 8   8 3   6 4   2 8   7 5   0 2   16 9   3 7   5 5   19 3   17 4   13 7   18 4   14 4   9 5   15 1   1 7   11 4   4 5   10 9   
1 8   11 3   4 3   8 2   19 9   16 2   12 5   17 3   2 4   5 2   0 2   3 1   18 3   6 6   14 8   15 10   10 7   9 1   13 9   7 7   
16 2   17 4   9 9   14 6   8 3   1 3   18 6   11 5   13 8   12 5   5 6   15 4   2 9   3 9   7 5   19 9   0 2   4 6   6 8   10 10   
17 4   19 9   5 1   12 2   18 2   10 5   2 4   7 8   9 3   0 6   1 1   6 4   11 5   13 3   16 4   4 4   15 2   14 2   3 8   8 9   
16 8   18 6   0 1   6 2   17 6   10 4   19 6   4 7   11 2   13 4   5 3   9 5   2 7   7 3   12 5   1 2   8 5   14 2   15 5   3 9   
11 1   3 7   5 1   18 6   16 5   0 2   6 10   14 9   7 7   4 3   17 5   1 4   2 6   10 8   8 4   12 5   13 7   9 2   19 9   15 7   
18 2   0 4   12 8   13 1   1 7   10 5   3 4   7 6   5 10   4 7   2 2   8 4   14 4   6 3   9 8   17 7   16 5   11 2   15 2   19 1   
6 10   1 10   15 5   19 4   11 5   3 10   5 8   17 1   0 3   9 7   2 6   14 7   4 2   16 3   8 3   7 10   13 9   18 1   12 1   10 7   
19 10   13 2   8 6   11 5   9 3   15 1   1 6   0 3   6 2   18 4   12 6   14 5   2 1   10 4   4 7   3 3   16 4   7 7   17 4   5 2   
14 2   19 8   4 8   18 10   10 6   0 7   12 2   15 5   16 10   6 4   9 2   8 9   3 10   2 7   17 5   5 7   11 3   7 10   13 3   1 2   
