40 20 
1 4   0 5   4 8   10 2   5 5   16 10   6 10   3 6   14 7   9 10   12 2   2 5   13 1   7 2   8 1   15 3   11 5   18 4   19 4   17 8   
16 4   13 7   18 10   2 2   6 1   7 3   12 6   14 7   10 7   3 3   4 5   9 4   17 10   15 10   19 1   5 1   8 2   0 9   1 7   11 1   
14 10   17 2   18 2   12 7   15 5   19 6   10 2   0 1   11 4   8 6   5 9   16 2   2 10   9 10   6 6   13 6   7 5   4 3   3 4   1 2   
10 1   9 2   16 5   14 1   19 10   15 5   2 2   8 2   13 3   4 10   5 6   12 3   1 1   11 7   0 6   6 3   3 1   7 4   17 3   18 2   
9 7   1 1   2 10   15 2   12 6   8 8   17 4   5 7   14 2   10 8   4 9   16 1   0 3   18 6   13 3   3 1   19 8   11 3   7 4   6 3   
11 3   6 7   7 10   17 3   9 2   8 2   3 4   12 4   15 3   2 1   1 5   10 6   18 1   16 6   14 7   13 9   19 6   5 9   4 9   0 4   
5 8   16 7   17 10   0 3   12 10   2 10   15 2   11 9   9 2   7 5   13 1   14 2   18 6   1 3   6 4   8 2   4 1   3 5   10 3   19 1   
7 3   1 7   14 10   11 9   16 6   12 6   13 5   10 5   9 7   17 2   15 3   6 6   4 6   8 3   19 1   2 8   5 8   0 2   18 1   3 6   
4 3   1 10   0 6   14 6   6 6   7 2   17 2   11 7   15 6   16 10   3 8   12 7   18 1   10 2   9 10   19 2   2 9   13 6   8 5   5 3   
8 6   0 1   12 1   6 10   1 9   7 2   16 2   5 8   4 6   13 1   3 3   19 10   9 8   15 10   10 1   11 3   2 9   14 8   18 8   17 9   
15 10   19 6   14 4   0 1   18 2   16 10   4 10   1 1   3 1   10 8   13 4   17 3   11 2   12 2   5 3   9 10   8 9   2 2   6 10   7 8   
16 1   12 4   3 5   7 10   6 1   9 4   10 8   2 3   13 7   5 8   18 3   8 4   0 3   1 3   14 3   4 4   17 3   11 1   19 4   15 1   
14 8   1 1   11 1   12 3   16 3   6 6   8 1   4 5   2 10   5 2   13 2   15 2   10 3   19 6   18 1   0 8   9 5   7 4   17 6   3 9   
12 3   0 10   10 4   7 3   13 1   11 5   8 10   2 2   19 4   3 10   14 7   1 2   15 10   16 8   17 10   9 7   18 10   6 1   5 4   4 4   
3 4   19 2   9 1   0 2   14 1   6 4   16 1   11 4   1 7   4 5   12 3   10 1   17 2   13 10   7 10   15 3   18 6   2 2   5 7   8 1   
0 10   6 6   1 6   14 3   8 1   5 10   9 2   10 2   12 1   7 9   3 6   17 6   13 8   18 7   15 5   4 2   16 9   19 6   11 2   2 9   
1 3   14 1   10 3   9 7   2 4   13 2   16 2   4 3   19 3   17 1   0 10   6 9   15 6   7 4   12 9   3 5   11 1   18 8   8 9   5 4   
10 4   7 9   15 1   6 3   2 10   11 10   13 1   16 2   19 6   9 1   5 1   14 10   12 8   4 7   8 4   17 5   18 10   3 4   1 6   0 3   
10 6   13 10   9 5   0 5   3 2   7 6   18 1   5 4   2 4   14 9   17 7   1 4   6 10   19 4   8 8   15 1   12 1   11 3   16 4   4 1   
11 10   15 2   1 9   2 8   16 7   13 4   8 3   6 7   4 7   3 1   17 10   5 8   7 1   10 4   12 3   0 3   18 1   14 7   19 2   9 1   
3 4   7 2   9 3   19 2   14 6   16 8   2 10   10 8   12 6   8 2   5 2   15 9   1 1   17 5   18 4   11 7   13 1   6 2   0 8   4 2   
1 9   18 1   13 2   4 7   17 1   0 6   8 7   15 4   6 10   11 1   7 2   19 3   12 10   14 2   9 3   16 1   2 3   3 2   5 6   10 2   
14 5   16 6   13 10   12 2   10 10   2 4   17 3   18 7   8 2   7 10   1 7   15 4   3 4   6 3   19 6   4 9   0 10   11 2   5 1   9 5   
9 2   0 10   1 9   5 10   8 5   7 3   3 9   13 7   10 7   16 1   14 3   4 2   11 1   15 10   18 10   6 2   12 7   17 1   2 1   19 9   
10 1   2 3   4 1   13 2   3 4   14 3   11 5   1 3   15 4   8 10   19 9   7 4   9 3   12 4   5 4   6 5   17 8   0 7   18 4   16 8   
0 1   1 2   8 6   19 6   18 6   10 5   6 7   12 1   5 3   3 7   14 1   4 8   16 9   2 2   17 7   9 3   7 4   11 2   15 5   13 10   
16 10   1 1   2 7   18 3   12 10   15 6   11 4   13 10   4 10   8 6   5 3   17 10   14 4   9 10   7 2   3 3   10 5   0 7   6 8   19 1   
19 4   17 3   8 10   15 6   14 7   9 2   3 2   1 1   2 4   11 6   16 5   0 3   5 2   7 8   4 4   13 10   10 2   6 9   12 1   18 2   
6 5   2 2   19 1   10 5   11 4   12 4   14 2   18 8   13 7   0 8   17 5   8 5   5 2   4 10   7 9   1 4   15 8   9 3   3 2   16 2   
19 1   9 9   18 7   1 7   10 7   7 2   16 6   12 6   15 10   3 10   14 3   5 1   4 6   6 1   11 10   0 10   2 2   13 10   8 9   17 2   
17 1   13 6   10 2   7 7   3 4   19 7   11 1   16 8   0 10   8 1   14 7   15 4   4 3   18 3   1 4   2 8   9 4   6 4   5 4   12 3   
17 5   7 6   4 10   18 10   2 2   16 7   3 2   15 9   0 3   6 1   1 9   13 10   12 10   8 4   5 3   19 2   14 5   9 3   10 7   11 4   
10 1   9 2   2 3   3 6   19 9   18 9   15 10   16 5   0 10   13 4   12 4   8 2   1 6   6 5   7 4   14 2   5 8   4 10   11 9   17 10   
19 7   0 7   17 2   8 9   15 9   12 1   7 2   16 2   18 5   14 10   1 10   9 10   3 9   11 2   5 2   13 1   10 2   4 5   2 7   6 6   
14 2   4 1   13 2   3 8   0 2   8 1   5 2   7 1   10 8   16 1   6 1   11 2   17 6   9 2   19 10   15 2   18 1   1 3   2 9   12 3   
0 7   13 2   4 1   19 10   16 6   3 5   10 7   14 2   11 3   1 2   7 2   15 8   9 5   2 4   8 9   18 1   17 3   5 3   12 10   6 6   
3 6   15 9   0 7   13 6   4 1   17 4   6 5   2 3   18 2   12 1   16 6   1 10   8 2   9 3   19 9   7 5   5 4   14 7   11 2   10 6   
5 7   10 2   11 5   16 3   19 8   12 7   0 8   1 3   17 2   8 1   14 7   9 3   4 5   13 7   18 4   3 10   2 4   6 8   7 10   15 5   
2 2   13 5   5 9   11 4   3 2   4 1   9 3   8 10   12 4   16 6   0 7   6 3   18 10   7 10   15 4   17 10   14 7   1 1   19 2   10 2   
1 3   10 8   19 2   9 6   2 8   17 3   13 7   14 9   0 6   3 5   8 7   18 9   12 2   5 6   15 7   6 7   4 9   11 8   7 3   16 10   
