40 20 
2 5   14 8   19 4   12 2   5 6   7 4   10 6   17 2   1 6   6 2   16 2   8 2   15 6   3 2   0 3   11 10   13 5   18 7   4 2   9 9   
3 3   0 10   6 7   17 7   15 5   8 4   14 7   11 5   18 10   19 1   10 10   2 9   13 5   1 7   4 5   5 3   16 3   7 3   12 6   9 1   
2 9   6 5   7 2   3 4   19 1   11 9   14 10   10 6   16 10   17 7   13 7   1 7   12 5   15 4   0 3   4 2   8 2   9 10   18 6   5 8   
2 4   9 2   13 9   7 3   0 2   11 3   3 1   4 2   10 9   1 3   5 8   8 7   15 5   17 7   19 2   14 8   18 10   12 4   16 4   6 2   
17 5   7 8   2 3   3 2   8 4   1 1   0 1   19 1   4 5   6 5   10 5   18 6   11 2   16 10   9 5   12 4   5 4   15 7   13 5   14 1   
7 1   14 3   3 8   4 5   16 6   18 1   19 5   17 2   0 3   9 2   10 4   1 6   12 5   15 9   13 3   5 10   8 10   2 3   11 4   6 1   
6 2   9 8   19 2   3 9   16 5   5 10   2 1   0 9   7 7   17 1   1 10   15 3   11 1   8 6   18 4   4 10   14 2   10 3   13 1   12 5   
18 5   8 7   2 3   10 2   7 4   3 3   0 2   14 8   6 10   4 6   19 2   17 5   12 9   5 10   16 3   9 1   13 8   15 3   11 5   1 2   
19 2   16 10   10 6   3 3   14 5   12 7   7 1   8 9   0 10   4 7   18 2   11 3   13 4   5 3   2 6   17 9   6 3   1 4   15 3   9 4   
15 6   7 4   9 2   8 8   11 10   6 1   1 7   14 6   12 1   5 2   0 9   16 2   2 10   4 4   3 8   17 4   18 4   19 9   13 4   10 10   
5 3   0 5   2 2   9 10   13 10   12 1   10 2   3 1   14 10   8 4   1 8   16 1   18 8   11 2   17 8   7 10   19 4   6 2   4 9   15 7   
0 6   19 7   10 3   11 3   3 7   14 2   2 8   8 8   15 9   18 3   17 8   7 3   9 10   1 5   6 2   13 1   16 3   5 10   4 4   12 1   
19 5   6 10   15 6   18 10   1 3   0 10   17 5   12 6   7 3   3 3   5 3   9 4   4 1   16 3   14 3   2 9   13 2   11 8   8 9   10 5   
18 7   16 3   12 7   8 4   7 5   15 4   6 3   5 1   17 10   10 3   1 6   0 9   14 10   3 8   11 10   13 2   9 7   19 9   2 1   4 6   
18 2   5 6   16 9   15 4   13 9   4 5   0 4   9 3   12 3   2 1   10 7   7 2   6 6   19 7   14 8   17 3   1 6   11 8   3 4   8 3   
16 6   0 8   5 1   18 1   7 4   12 9   6 6   2 6   13 3   3 2   15 7   19 7   11 8   1 3   10 1   17 1   9 2   8 4   14 6   4 6   
12 7   1 5   18 4   10 2   19 1   8 6   15 10   16 1   3 8   17 4   11 1   5 2   9 6   0 5   7 9   6 4   4 3   14 2   2 10   13 4   
15 8   17 3   7 10   0 10   19 2   5 2   14 3   16 10   10 5   8 5   3 3   4 10   6 6   13 1   9 8   18 3   11 1   12 5   1 5   2 1   
18 2   13 6   5 9   16 10   3 8   12 1   9 6   17 2   11 3   19 6   4 2   8 3   10 1   2 7   15 1   14 7   0 4   1 5   6 3   7 5   
7 9   19 3   2 4   18 1   6 1   0 4   8 9   13 1   12 6   15 10   9 2   11 1   1 6   5 9   14 10   10 4   16 10   4 5   17 1   3 3   
13 6   5 7   7 3   19 10   15 8   10 2   1 8   8 4   11 10   6 3   2 4   9 5   18 2   0 4   17 1   4 1   14 4   12 2   16 5   3 6   
1 1   0 8   4 10   14 4   9 1   17 8   6 10   3 7   2 8   8 9   13 8   10 3   16 10   5 1   12 9   11 2   19 8   7 6   18 1   15 9   
10 3   14 10   6 5   19 1   18 1   8 1   2 6   15 2   3 5   17 2   4 5   5 3   16 10   1 3   9 1   12 5   0 1   13 2   7 9   11 3   
2 10   4 1   14 4   16 3   1 3   6 4   9 7   19 3   0 7   15 4   13 6   11 4   17 10   7 6   12 8   18 9   8 5   3 1   10 1   5 2   
2 3   1 1   9 5   15 8   4 10   19 2   18 10   5 6   17 5   0 7   7 1   8 5   10 1   13 5   11 2   3 8   6 3   16 4   14 7   12 7   
16 3   12 9   13 5   10 2   15 1   19 10   3 5   1 3   11 7   9 1   4 10   17 7   7 2   6 1   2 7   5 5   14 9   0 9   8 2   18 10   
4 8   5 2   12 7   6 10   15 1   11 7   10 5   2 4   9 1   18 6   16 1   8 8   17 2   0 10   13 4   19 2   7 5   14 2   1 8   3 7   
9 10   12 5   10 2   3 3   0 9   11 10   7 10   19 7   8 3   6 2   17 2   15 1   1 4   5 8   13 3   18 10   4 8   14 4   2 2   16 3   
11 6   19 1   6 6   15 2   17 7   3 5   14 1   0 9   9 10   8 2   12 4   4 3   10 10   7 4   1 5   13 5   5 6   16 9   18 5   2 9   
13 1   4 10   3 10   18 9   2 3   1 1   15 1   7 5   10 8   19 4   17 7   11 7   12 8   14 2   6 2   16 2   5 2   9 1   0 3   8 10   
17 5   16 6   15 1   1 3   4 3   0 3   8 5   14 1   5 7   12 2   9 9   13 2   6 3   19 10   11 10   18 6   10 6   3 5   2 10   7 5   
6 3   11 6   15 1   7 1   16 6   5 4   17 7   3 2   2 1   9 9   8 4   4 10   13 5   0 1   18 1   19 3   12 1   10 7   14 10   1 10   
0 5   9 2   12 7   11 3   10 10   15 1   5 3   17 4   19 4   2 2   13 3   8 6   18 2   4 4   1 8   7 4   14 5   3 5   6 5   16 4   
13 6   7 9   6 1   10 6   4 2   8 2   2 8   0 7   16 3   12 2   3 6   9 6   1 2   15 9   5 6   14 3   19 5   18 9   17 5   11 9   
0 9   13 1   10 10   5 8   16 10   12 7   4 9   15 1   6 3   19 4   11 6   2 7   8 6   3 6   14 7   18 7   1 3   7 10   17 8   9 2   
3 9   10 10   12 4   8 3   15 5   19 9   11 4   1 8   9 8   4 9   2 4   13 6   14 2   17 1   0 6   18 3   7 5   6 1   16 4   5 6   
19 10   15 1   8 1   12 4   0 3   9 3   3 2   13 10   16 1   2 1   5 10   11 8   10 2   6 1   7 6   17 6   18 9   4 1   1 1   14 6   
1 3   11 4   12 2   10 1   2 7   9 1   0 7   8 7   7 3   6 6   16 4   15 3   19 1   5 3   17 5   18 2   3 5   4 10   13 5   14 2   
0 9   1 10   4 8   15 1   11 10   7 1   9 2   8 2   12 4   5 1   13 4   6 4   19 1   10 3   16 4   17 2   14 10   3 7   2 1   18 7   
10 6   15 10   6 5   11 4   3 4   1 9   4 7   7 3   16 2   9 9   0 2   19 10   5 1   12 6   17 1   13 3   8 6   14 3   2 7   18 4   
