40 20 
13 2   14 6   10 2   0 2   7 3   17 1   9 1   5 2   16 6   19 10   8 2   4 3   2 1   18 8   12 10   6 9   15 1   11 7   1 9   3 10   
17 4   18 3   6 6   14 10   8 4   1 6   19 3   2 8   4 5   13 6   12 5   15 9   0 1   16 3   9 10   5 2   10 10   11 9   3 3   7 3   
8 1   12 6   17 6   18 3   4 6   5 10   16 2   14 10   6 10   7 9   15 8   13 3   3 2   1 3   11 3   19 2   2 4   10 1   0 4   9 2   
17 3   18 6   19 9   15 3   0 10   1 4   9 3   5 1   14 1   4 1   10 1   11 1   2 5   6 2   12 2   13 10   16 6   8 3   7 10   3 2   
2 3   15 7   5 4   11 2   9 5   6 10   12 1   19 6   3 9   4 5   18 2   1 3   17 5   0 3   13 8   8 1   16 7   14 1   7 6   10 4   
19 1   3 5   17 6   0 8   8 9   2 9   18 4   15 2   5 1   4 4   14 2   10 9   11 2   16 7   13 5   12 8   9 9   7 2   1 1   6 9   
1 6   12 2   3 10   19 10   8 3   5 1   4 7   14 8   7 9   11 8   13 5   2 6   16 3   18 5   0 1   10 7   9 5   6 2   15 9   17 3   
3 8   4 3   1 3   16 1   15 4   8 2   11 2   17 8   9 5   5 2   12 2   6 1   7 6   0 10   10 10   14 4   19 10   18 1   13 5   2 10   
5 2   16 2   3 10   19 3   10 5   11 4   13 8   18 4   7 10   4 1   2 1   8 4   15 1   12 10   0 10   14 1   17 10   9 8   1 1   6 5   
18 7   17 5   19 4   14 4   16 7   3 2   2 1   0 9   1 10   7 3   8 10   9 3   6 1   15 10   10 10   12 2   4 8   13 8   5 1   11 10   
16 6   15 5   0 7   8 3   6 6   10 3   3 2   17 1   4 4   7 3   14 1   11 2   2 5   18 2   13 10   5 6   9 3   1 2   19 8   12 8   
15 6   18 5   1 1   13 6   16 3   7 10   9 1   19 1   17 6   3 2   8 4   11 2   5 4   12 10   2 9   0 7   10 8   4 9   6 1   14 4   
14 2   1 1   18 4   17 1   15 2   12 1   4 4   6 10   2 6   10 6   11 2   16 1   19 10   5 5   3 9   7 1   9 6   0 1   8 1   13 2   
16 2   14 2   15 10   19 5   18 2   2 9   7 10   3 5   5 6   0 9   4 3   9 10   1 3   12 8   10 6   17 10   11 6   8 9   6 1   13 7   
3 7   5 3   2 10   1 4   15 4   16 2   6 10   17 4   18 10   7 6   19 4   9 2   10 2   4 2   11 3   13 3   8 3   12 10   14 2   0 9   
12 8   1 8   4 4   0 6   10 2   5 8   8 5   11 10   19 10   14 6   18 1   15 1   3 9   17 1   2 2   13 5   16 7   6 1   9 10   7 2   
1 8   16 10   15 8   2 5   0 7   10 7   19 9   3 10   13 8   8 7   18 7   7 7   14 10   5 1   11 2   9 9   12 3   4 9   17 10   6 10   
19 1   3 2   1 2   10 10   9 6   12 2   11 5   0 1   4 7   8 2   7 6   16 5   15 10   14 5   18 6   5 3   6 2   17 3   2 9   13 3   
15 2   6 10   16 9   0 6   8 7   19 1   3 9   12 1   11 3   7 5   5 7   1 5   10 9   2 4   9 1   18 10   4 10   14 2   13 3   17 1   
18 1   11 1   0 3   7 8   19 1   17 2   2 4   3 4   10 1   16 5   6 7   8 2   9 5   12 8   4 10   15 6   14 2   13 2   5 9   1 7   
13 5   2 9   16 4   12 10   5 9   19 3   10 9   8 9   1 10   11 3   15 10   4 5   14 3   3 5   7 1   9 10   6 9   18 8   0 10   17 7   
4 3   10 1   12 3   9 2   7 1   17 2   16 8   6 2   11 4   2 5   0 3   5 7   18 2   3 4   19 9   8 1   14 4   15 8   13 9   1 4   
10 1   13 3   2 4   18 4   1 6   7 10   12 10   5 10   3 10   17 1   4 1   6 1   14 2   0 6   15 10   16 1   19 4   9 7   11 4   8 6   
15 1   8 2   1 1   13 1   7 3   11 4   6 2   17 8   19 9   2 6   4 7   0 4   14 9   5 1   10 7   12 5   3 1   16 2   9 5   18 1   
11 10   0 1   3 6   5 1   1 1   2 4   17 3   4 4   13 2   18 8   19 3   16 2   15 10   14 5   12 9   7 1   6 1   8 6   9 7   10 8   
19 1   18 8   7 7   9 8   15 5   5 6   6 10   2 3   10 5   13 1   0 3   8 1   11 10   12 2   17 3   4 5   3 8   16 2   14 5   1 10   
4 1   5 1   16 4   10 9   3 4   12 10   2 6   13 10   18 5   8 10   19 5   7 3   1 8   6 6   0 7   9 2   17 8   11 10   14 9   15 10   
0 2   4 7   16 1   12 1   14 4   18 2   6 2   3 10   2 4   19 7   1 1   13 6   15 2   8 1   17 5   9 4   7 4   5 3   10 10   11 4   
4 1   12 2   7 3   2 9   9 2   1 8   8 1   0 4   5 4   3 4   10 8   13 7   6 1   17 1   14 7   16 7   19 10   15 4   11 7   18 8   
18 3   19 1   16 5   0 1   3 1   6 1   12 4   5 6   8 5   13 10   14 10   7 10   11 5   15 3   1 7   17 4   4 9   9 6   10 2   2 2   
19 5   13 1   9 2   16 1   1 6   6 2   3 3   7 3   5 8   14 5   8 2   15 2   2 2   10 9   17 10   11 2   12 1   0 3   18 7   4 2   
0 8   7 7   4 8   14 8   2 10   10 6   1 9   11 7   18 7   17 9   13 1   12 5   15 2   19 1   8 5   6 8   16 6   3 2   9 3   5 6   
5 2   2 1   19 10   9 8   0 2   7 8   16 3   4 6   17 3   3 6   18 5   11 8   15 5   13 5   12 6   6 8   1 3   14 6   8 1   10 2   
2 4   6 6   4 6   9 4   0 1   15 4   19 1   13 10   8 6   3 10   1 10   12 9   7 1   11 3   14 2   10 3   17 1   5 10   18 2   16 2   
0 3   15 2   16 1   1 2   12 2   2 1   17 4   11 7   13 3   8 4   14 6   19 10   3 1   10 5   4 8   6 8   9 6   18 3   5 7   7 4   
8 4   19 1   12 3   5 7   4 6   11 1   13 5   7 1   18 2   17 10   16 1   9 3   6 9   14 7   3 10   15 7   10 6   2 6   0 6   1 1   
4 3   6 3   1 4   18 1   2 1   17 6   7 2   12 9   13 9   16 9   15 4   0 1   8 7   3 6   9 8   19 5   14 2   11 1   10 6   5 2   
7 9   1 9   12 7   0 1   6 10   2 2   14 5   17 3   8 4   15 7   3 6   10 6   16 2   4 5   18 2   19 6   5 7   11 6   9 3   13 3   
18 8   2 8   16 1   0 3   9 3   1 4   8 1   5 10   15 3   13 10   19 3   10 7   6 8   3 5   12 10   7 8   17 9   14 3   11 2   4 6   
12 2   5 2   7 10   2 2   14 10   3 5   18 9   9 7   15 2   11 6   1 7   8 6   0 8   6 7   13 1   19 2   16 9   10 4   17 7   4 3   
