50 20 
12 3   6 14   2 5   5 2   8 1   19 11   15 15   4 12   13 15   7 14   1 7   0 13   16 15   18 2   10 13   9 8   3 2   11 2   14 3   17 15   
1 10   15 15   7 7   19 8   9 13   13 7   16 6   0 15   14 7   11 15   4 13   17 12   6 15   8 13   10 1   5 9   2 7   18 8   3 4   12 7   
4 8   3 15   5 2   17 3   15 12   12 1   19 6   8 13   11 14   7 3   16 4   18 6   6 3   1 11   0 4   14 3   10 4   13 11   2 7   9 13   
19 8   5 2   14 2   13 2   11 12   17 9   4 8   18 1   3 11   15 1   10 5   12 15   6 6   16 5   1 7   9 7   0 2   2 11   8 15   7 1   
17 1   12 11   18 12   11 9   9 1   10 4   14 14   6 1   8 4   4 6   16 6   19 1   0 10   7 6   2 4   3 3   13 8   5 7   1 14   15 5   
11 15   3 6   8 13   14 4   9 1   17 6   5 10   13 6   18 15   15 15   12 1   1 9   10 7   6 5   2 15   7 5   4 3   19 8   16 12   0 8   
6 15   4 10   9 4   0 4   11 8   15 11   5 15   2 14   3 6   10 2   19 11   13 4   16 11   7 12   1 3   14 13   12 1   8 8   17 13   18 14   
8 1   6 3   11 2   4 15   16 13   9 11   17 1   18 9   12 10   15 8   10 1   19 14   13 3   3 6   14 1   7 13   2 1   0 7   5 3   1 4   
1 15   9 3   8 6   10 12   18 10   16 4   7 2   15 2   11 2   4 6   13 11   2 8   12 3   0 9   5 2   6 2   3 13   19 5   14 15   17 3   
5 1   6 2   9 7   15 9   17 8   4 9   0 11   14 15   8 12   13 5   16 15   2 8   7 2   19 14   3 13   12 7   11 15   10 5   1 13   18 13   
7 14   14 7   16 14   1 13   5 2   11 2   10 15   12 6   9 5   0 2   8 15   6 15   2 1   13 1   19 5   15 9   18 11   3 9   4 1   17 8   
4 1   9 12   17 9   0 6   16 12   6 5   11 13   7 7   5 9   10 1   1 8   18 4   15 7   13 7   19 5   14 6   3 7   2 13   12 4   8 4   
10 11   5 14   11 13   0 10   16 15   19 6   8 2   13 13   6 9   1 14   7 6   4 5   3 2   2 6   12 4   14 5   17 11   9 10   18 2   15 1   
4 4   7 14   9 2   6 5   11 6   18 10   2 4   0 2   5 13   12 6   13 3   8 9   19 1   16 5   14 4   1 15   3 12   15 7   17 1   10 4   
18 9   15 3   1 3   7 10   19 1   3 10   10 3   8 15   11 11   6 8   5 6   13 14   0 3   4 2   16 3   12 2   17 5   9 5   2 1   14 2   
18 1   12 7   17 7   3 4   14 12   0 14   1 3   9 12   11 7   15 5   8 15   5 15   13 13   2 9   4 4   10 9   6 15   16 2   7 6   19 4   
14 7   0 7   17 3   11 14   9 4   13 10   15 14   3 7   4 13   2 5   7 3   19 4   5 13   10 13   1 9   8 15   16 10   12 6   18 3   6 15   
5 10   18 9   11 8   19 9   14 3   16 2   6 15   12 12   7 11   1 5   3 12   4 14   15 5   10 13   9 3   17 2   0 13   8 14   13 3   2 1   
6 7   1 11   16 10   18 4   8 8   7 10   15 4   11 5   13 12   9 13   3 15   0 13   17 4   14 9   10 7   4 12   2 1   5 1   19 7   12 1   
4 5   8 12   7 3   3 3   2 3   0 11   12 1   14 2   13 4   5 7   1 15   18 6   9 4   17 5   19 3   16 3   10 3   11 10   6 15   15 11   
14 15   2 3   16 11   9 11   15 6   11 9   12 1   19 10   17 8   4 3   1 7   8 7   3 5   10 2   18 13   0 10   7 1   13 3   6 10   5 2   
9 9   5 3   19 1   1 9   18 2   6 13   12 3   4 12   16 5   7 8   15 14   14 2   2 7   17 5   8 14   13 13   10 8   3 3   11 5   0 2   
13 8   10 1   16 9   14 11   9 6   12 2   19 5   4 13   8 5   18 4   0 5   5 14   3 3   2 3   17 1   7 6   11 2   1 6   15 15   6 10   
16 4   19 11   4 7   15 6   2 4   0 4   6 4   13 1   1 11   3 13   11 3   17 6   7 1   18 1   8 13   5 4   9 9   14 6   12 10   10 6   
9 12   15 8   19 4   6 7   12 13   17 15   13 8   1 6   18 2   2 11   4 5   7 8   5 6   8 8   16 3   14 5   3 9   10 8   0 3   11 13   
1 13   7 5   15 6   17 8   4 13   0 6   8 8   19 7   12 11   6 14   5 6   14 12   3 8   13 5   16 9   9 3   2 10   10 12   18 4   11 8   
6 9   17 7   4 13   11 12   0 4   1 2   8 8   2 11   18 2   16 12   7 8   14 7   12 13   9 5   19 3   13 2   15 2   5 7   3 3   10 5   
13 3   3 3   19 14   8 12   2 5   5 3   18 3   10 15   14 2   12 9   0 11   6 2   9 10   15 2   4 14   11 10   1 5   16 14   7 11   17 4   
6 4   7 7   5 3   10 2   8 5   0 6   1 9   9 3   19 7   4 2   15 10   13 5   2 15   18 15   3 11   14 12   12 15   16 10   17 12   11 11   
0 11   16 8   2 7   5 15   10 8   6 7   7 3   15 6   19 4   17 6   9 12   1 2   4 8   13 6   14 6   11 10   12 14   3 2   8 9   18 8   
14 9   17 15   7 8   18 8   5 15   16 3   15 11   9 1   4 7   3 8   1 13   6 3   13 3   11 4   12 4   19 5   8 13   0 9   2 15   10 15   
7 13   1 3   18 4   14 12   5 5   19 14   13 4   9 7   15 4   4 5   2 8   12 7   3 1   6 10   0 5   16 3   10 13   11 13   8 13   17 2   
1 11   12 14   9 15   19 2   8 7   18 9   0 4   15 4   4 11   14 2   5 6   10 2   17 7   16 1   3 12   13 6   7 2   2 9   11 15   6 4   
8 15   17 2   2 15   7 11   9 6   16 12   13 14   18 15   12 12   0 8   14 4   3 13   5 3   11 10   15 14   1 13   10 1   4 8   6 8   19 12   
14 3   18 14   17 7   15 4   8 15   0 11   1 4   19 1   10 11   13 14   2 13   7 9   4 3   5 15   3 1   11 15   16 9   9 6   6 10   12 14   
10 3   7 7   19 7   4 8   5 4   8 5   13 1   16 5   18 3   9 10   3 5   2 15   6 2   12 9   14 11   15 2   0 2   1 2   11 3   17 3   
18 10   17 12   4 11   10 10   16 15   7 13   5 9   11 5   9 8   14 2   1 13   13 7   15 1   2 3   19 5   6 5   0 5   8 7   12 9   3 1   
15 10   14 10   7 3   11 2   6 3   17 2   8 6   5 7   3 12   10 12   4 1   2 12   16 10   1 12   18 3   12 2   9 11   0 9   13 4   19 8   
10 5   3 6   12 8   0 4   18 3   13 15   17 13   11 3   9 9   7 10   16 13   1 15   19 2   14 11   6 12   8 4   2 10   5 15   4 12   15 4   
8 8   1 7   18 3   15 4   9 1   4 14   10 13   14 7   17 1   19 5   5 4   11 1   6 2   7 9   12 8   2 5   16 3   13 1   0 10   3 5   
9 1   5 15   10 7   13 12   15 6   7 10   2 3   0 11   19 2   16 13   17 7   6 8   8 2   3 4   14 2   1 4   11 12   4 11   12 1   18 1   
8 10   13 13   15 9   5 1   11 11   14 15   10 11   7 4   0 12   12 8   19 9   18 4   9 3   16 11   6 2   17 1   4 15   2 2   1 13   3 7   
13 3   9 9   11 5   7 12   2 7   5 12   18 9   8 5   17 8   19 2   10 1   1 2   16 6   12 10   14 6   6 11   3 8   4 2   0 10   15 15   
14 1   9 10   8 5   4 15   15 1   1 8   5 2   11 1   18 8   16 8   3 5   6 7   17 12   0 6   19 13   10 15   13 1   12 4   7 2   2 15   
4 14   13 8   12 11   18 12   8 3   2 15   17 9   5 6   14 10   15 6   3 10   1 6   19 6   0 4   11 12   10 3   16 13   7 10   6 3   9 7   
17 12   11 14   4 10   10 1   19 11   18 14   3 6   9 2   8 1   12 8   15 5   0 2   1 1   7 9   13 3   16 15   14 14   6 13   5 4   2 1   
11 15   18 10   9 10   14 4   2 10   15 10   7 5   13 14   4 13   5 3   3 8   12 3   6 8   10 13   8 11   0 13   19 5   1 5   16 2   17 7   
2 5   9 13   1 14   18 8   11 12   14 11   13 11   3 11   4 8   19 9   5 7   10 8   8 8   0 5   12 3   6 9   7 2   17 6   16 4   15 5   
5 13   3 6   19 3   13 5   4 4   16 3   14 11   12 11   0 3   10 14   8 3   9 15   15 15   17 6   7 2   1 10   2 4   11 11   18 2   6 2   
8 2   2 8   1 2   16 8   13 7   9 1   18 11   11 5   7 6   6 15   19 15   5 1   17 6   14 12   12 8   0 6   10 3   15 12   3 12   4 2   
