50 20 
17 15   8 2   9 12   6 11   13 8   15 13   2 9   10 8   11 5   7 13   0 5   3 1   14 8   16 5   4 15   12 7   1 4   18 4   5 5   19 1   
12 14   3 14   14 12   6 14   16 14   17 8   18 15   0 3   13 3   8 2   4 13   11 3   15 13   5 2   9 11   7 1   19 8   10 9   1 12   2 9   
18 8   17 3   9 4   5 1   14 7   11 3   7 10   4 8   12 7   16 7   0 8   13 13   10 6   8 3   2 14   3 5   1 2   15 9   6 11   19 7   
2 4   3 8   0 3   14 10   10 15   1 2   17 15   6 11   9 8   7 10   19 12   11 5   8 11   15 3   18 10   4 3   16 10   12 1   5 3   13 6   
13 3   9 1   14 1   6 3   18 1   15 4   8 4   4 15   16 10   3 3   10 15   19 5   17 4   12 12   1 12   5 6   11 6   7 2   0 2   2 14   
8 9   2 4   3 15   10 7   16 9   11 2   5 6   0 2   19 10   6 7   12 9   18 12   14 15   15 13   7 1   4 4   17 11   13 6   9 2   1 6   
9 5   18 13   1 7   13 7   12 4   14 1   2 15   0 15   15 10   11 2   17 10   19 12   16 6   10 13   5 13   6 8   4 7   8 1   7 2   3 14   
13 2   2 8   11 2   16 10   17 8   19 13   14 1   18 13   12 4   7 1   3 5   15 15   5 13   4 6   10 11   6 1   1 4   0 3   8 4   9 7   
14 1   2 3   11 9   3 8   6 13   17 15   18 15   12 2   5 11   7 3   1 13   8 5   10 1   16 6   4 6   19 13   15 10   9 2   0 14   13 11   
7 1   17 13   18 1   2 9   4 3   14 8   5 1   13 1   16 8   0 14   11 2   8 9   10 7   1 2   15 9   19 4   3 14   9 10   12 12   6 6   
14 3   3 3   9 13   0 5   17 8   11 7   19 12   18 3   5 1   15 4   13 3   16 15   8 1   10 4   1 1   12 9   4 15   2 11   6 7   7 12   
8 15   2 2   15 9   4 8   1 15   12 6   18 11   6 9   10 6   13 8   3 11   11 13   19 3   16 9   14 5   5 15   0 10   9 9   7 14   17 12   
1 6   19 15   4 5   6 2   15 12   2 9   7 1   10 12   3 2   16 6   11 11   5 8   8 7   18 5   14 6   0 4   13 4   17 7   9 15   12 10   
11 11   15 3   4 11   19 11   8 6   3 9   5 15   1 5   13 2   10 2   0 15   6 7   9 2   18 4   17 15   14 11   16 7   2 10   7 8   12 2   
14 13   4 1   15 3   8 13   18 8   10 9   3 3   13 13   12 14   11 7   2 6   16 4   5 9   19 2   7 14   1 1   17 4   6 2   9 14   0 6   
12 3   2 13   7 15   4 10   17 11   1 7   3 9   6 15   11 6   16 12   18 7   10 12   13 4   14 15   8 1   19 3   5 3   0 12   9 7   15 5   
0 11   13 10   18 3   5 7   19 2   2 10   3 1   9 3   1 14   4 5   10 6   14 12   16 2   12 13   7 1   17 2   8 13   15 13   6 9   11 3   
16 15   1 8   3 8   12 5   15 14   7 15   14 9   5 3   13 8   17 5   18 8   19 2   10 9   4 6   0 15   11 12   2 13   9 10   8 15   6 14   
16 4   13 1   8 12   17 14   18 13   3 13   19 3   15 1   7 8   2 2   0 1   11 11   5 13   12 6   14 8   9 9   6 6   1 8   4 7   10 11   
10 6   19 5   3 5   12 2   0 1   7 8   13 10   17 14   2 12   5 13   11 3   1 14   18 7   14 6   6 8   4 14   15 6   9 11   16 1   8 10   
17 2   18 15   19 6   4 3   6 2   14 11   15 4   10 3   5 14   3 8   13 8   16 5   0 5   1 12   9 1   7 11   12 7   11 5   2 11   8 12   
16 13   18 7   17 7   8 2   2 7   19 3   7 9   15 12   9 2   13 12   5 8   11 3   4 8   12 1   0 15   10 13   6 3   14 4   1 13   3 6   
10 6   14 12   18 3   7 13   4 11   1 14   9 13   11 10   16 11   19 5   6 8   17 3   5 7   3 9   0 3   13 4   8 9   2 13   15 10   12 1   
13 2   12 2   15 6   2 4   3 3   6 6   11 2   10 11   19 9   7 2   8 1   0 6   14 14   18 3   5 2   16 3   17 1   1 10   4 1   9 15   
3 3   1 11   16 15   15 1   5 10   4 6   7 9   13 13   9 7   19 2   10 1   6 10   18 11   12 14   8 14   11 12   14 1   2 3   17 4   0 5   
10 1   3 13   7 14   15 6   5 4   13 5   16 1   17 2   4 8   12 14   9 13   1 15   11 3   6 4   2 14   19 3   14 12   0 10   8 15   18 14   
19 2   13 12   4 12   18 12   12 1   8 4   1 9   6 3   17 2   0 6   9 6   16 14   14 3   10 6   7 6   3 12   5 12   2 11   15 8   11 1   
4 5   10 2   14 5   1 10   2 1   7 1   18 6   5 15   8 1   13 7   0 2   19 4   9 6   11 10   3 10   17 15   16 11   6 14   12 14   15 1   
0 14   2 14   8 1   13 8   12 14   18 3   14 3   11 1   1 5   6 8   5 6   15 10   16 9   19 15   10 3   9 4   17 14   7 4   3 2   4 8   
13 12   7 14   16 3   3 9   18 8   2 13   9 10   14 1   11 3   17 4   4 5   12 11   0 8   6 4   8 15   15 14   10 8   19 10   1 5   5 2   
15 12   17 7   0 4   9 15   12 6   11 8   4 4   5 14   18 10   1 5   6 3   10 10   7 14   2 7   8 4   14 5   13 11   16 3   3 4   19 7   
6 1   1 13   15 2   11 13   0 12   14 15   4 1   17 1   12 3   8 9   13 10   9 8   7 1   16 8   2 15   5 4   18 1   3 3   19 6   10 6   
16 4   18 13   9 1   5 11   2 15   6 5   4 1   14 6   12 4   11 4   3 12   13 7   1 4   10 5   7 11   15 12   19 10   17 1   8 2   0 7   
0 13   17 5   13 2   12 9   2 7   9 11   1 14   4 3   3 5   10 1   19 13   14 2   15 7   8 9   18 7   5 7   16 7   7 15   6 3   11 12   
1 5   14 8   8 4   15 7   0 10   12 1   10 15   2 4   13 9   9 14   4 3   16 1   5 4   3 4   19 6   17 1   11 12   18 9   7 2   6 9   
10 5   14 3   5 15   2 12   13 15   3 7   1 10   6 9   11 6   17 3   0 6   7 15   16 8   4 2   9 10   19 11   18 8   15 15   12 4   8 2   
4 2   15 4   3 1   14 10   17 2   11 15   0 9   10 7   1 13   6 14   2 13   9 8   16 10   7 5   19 1   18 1   12 14   13 11   8 3   5 10   
5 14   19 6   9 2   11 2   16 3   2 5   18 1   6 5   13 5   15 14   4 12   8 14   7 10   3 14   12 13   0 4   1 2   10 13   17 7   14 13   
0 12   13 2   5 2   19 1   2 13   4 6   15 14   18 9   12 8   1 9   3 3   7 8   16 2   11 2   17 13   14 15   9 11   6 5   10 7   8 3   
10 11   12 6   16 1   8 12   2 1   1 5   17 8   13 12   9 12   4 3   6 7   14 12   18 10   0 10   7 5   5 2   3 2   11 3   19 8   15 2   
6 2   18 15   11 15   17 9   8 14   3 2   0 6   7 12   15 8   10 14   19 8   16 10   4 2   1 4   14 12   9 12   12 15   5 2   2 9   13 12   
2 1   19 12   13 6   6 11   14 14   0 15   7 4   10 9   3 8   9 1   18 6   8 1   5 6   1 12   4 11   16 10   11 4   12 6   15 3   17 3   
5 4   8 15   19 11   0 8   4 12   2 3   7 9   1 9   17 3   12 7   9 15   14 14   3 3   18 14   13 1   6 6   10 4   16 1   11 13   15 3   
1 10   6 3   18 4   5 9   12 8   0 9   10 6   14 1   3 6   19 4   4 2   2 3   7 7   13 2   17 5   16 6   9 9   8 13   15 3   11 3   
1 5   0 5   5 15   4 13   8 2   16 1   19 10   15 9   11 9   7 1   17 6   14 12   6 3   12 10   2 15   9 11   13 2   3 10   10 15   18 15   
12 3   3 1   13 5   9 1   14 8   11 4   17 9   19 14   0 14   7 4   5 7   4 7   15 9   6 9   16 4   8 13   1 1   2 8   10 10   18 6   
2 4   11 6   1 10   6 4   15 14   16 11   13 13   0 1   12 6   5 11   3 7   8 9   14 14   7 8   4 11   9 2   10 14   17 13   19 9   18 2   
14 15   11 1   17 1   7 8   9 1   2 2   8 7   13 9   6 5   4 2   3 7   19 11   1 11   16 2   10 3   15 11   18 7   5 4   0 10   12 1   
12 4   16 8   15 15   9 13   7 9   4 9   3 13   14 1   17 11   10 10   0 6   8 13   1 12   19 6   18 11   5 2   6 10   11 5   13 4   2 1   
8 5   18 7   11 15   3 13   9 9   2 13   1 4   14 4   13 4   5 2   4 4   0 12   16 8   12 9   19 7   7 15   6 14   15 5   17 5   10 1   
