50 20 
9 2   16 11   11 7   15 3   14 8   8 3   4 11   7 3   13 5   17 14   2 14   0 8   5 6   1 3   6 15   10 4   3 2   18 7   19 8   12 8   
16 13   2 8   12 1   17 14   14 1   1 9   0 6   7 10   13 11   9 5   5 9   11 3   19 4   15 3   6 6   4 9   3 15   10 7   8 1   18 8   
10 4   2 11   12 10   16 4   9 13   15 6   7 12   5 2   3 5   1 11   17 9   4 2   14 12   8 9   0 5   13 9   19 1   11 7   6 3   18 15   
17 3   13 7   15 7   6 9   14 13   5 9   16 9   19 10   2 6   1 11   4 9   3 2   12 6   9 2   18 15   0 13   10 12   11 10   7 5   8 4   
5 4   4 5   3 1   6 13   1 4   17 12   13 2   10 6   11 7   7 2   18 10   2 5   12 1   14 5   16 8   9 7   8 15   15 15   0 9   19 2   
2 7   14 14   12 1   0 9   15 2   9 8   13 13   10 13   19 6   1 10   11 9   6 15   7 5   16 12   17 2   18 15   8 6   5 1   3 12   4 5   
2 6   5 12   11 4   10 11   8 14   4 2   3 6   7 3   6 8   0 3   16 5   1 2   9 15   13 4   18 6   14 15   12 8   17 10   15 8   19 4   
17 6   12 1   11 2   13 6   6 7   19 2   10 14   1 6   5 6   15 15   9 1   18 4   0 12   14 12   2 6   16 3   8 9   4 6   7 7   3 1   
2 2   9 7   14 7   0 1   19 3   7 3   18 4   17 11   4 6   5 1   11 11   8 15   13 11   12 8   1 13   6 11   15 12   16 3   10 5   3 2   
1 10   13 12   19 15   2 2   11 14   0 5   12 5   7 10   15 15   14 1   16 9   4 13   8 2   6 6   18 3   5 8   10 13   9 1   17 1   3 2   
8 10   16 6   10 3   7 5   9 11   19 1   13 11   5 2   15 9   17 4   4 5   6 1   1 2   3 1   11 15   14 12   18 8   0 13   2 5   12 9   
7 5   11 13   3 12   1 8   6 3   12 8   10 9   14 5   0 11   5 5   19 2   16 1   13 11   17 12   18 15   4 7   8 8   2 11   9 9   15 5   
14 12   0 1   7 2   6 11   17 6   11 6   16 13   5 5   3 8   4 1   19 15   13 3   2 3   10 9   12 12   18 15   15 3   9 4   8 8   1 2   
15 15   8 12   2 4   18 15   5 12   17 9   10 10   3 12   4 14   14 3   16 6   6 12   12 5   0 1   13 14   1 3   11 14   19 5   7 5   9 15   
5 8   12 11   19 11   10 4   14 9   15 12   4 11   17 11   2 14   13 15   3 14   9 1   6 10   11 8   1 6   18 15   8 3   7 8   16 4   0 14   
12 4   14 13   1 4   0 10   7 3   15 1   13 13   2 10   19 8   8 15   9 5   17 2   3 12   5 15   10 11   6 2   16 4   18 4   11 2   4 5   
13 15   14 12   16 8   6 3   0 7   1 6   9 14   19 4   17 7   15 6   18 4   10 1   7 7   4 8   3 5   11 15   2 8   8 2   12 13   5 6   
6 8   18 7   15 4   12 6   9 14   11 4   13 3   7 1   14 3   17 15   0 3   5 12   8 6   16 6   3 3   19 11   1 12   4 11   10 13   2 7   
0 15   2 3   18 3   12 7   8 15   1 5   17 13   14 8   4 6   6 10   3 14   13 7   11 7   7 11   16 9   15 6   5 5   10 6   9 9   19 1   
13 9   5 12   7 1   6 9   4 7   16 3   0 12   18 5   3 15   14 9   1 8   9 5   11 1   17 3   2 10   10 5   19 12   15 14   12 12   8 7   
1 2   17 1   4 4   7 1   6 13   5 8   19 3   9 8   14 13   11 12   18 6   13 5   3 6   15 12   8 14   16 7   2 2   10 4   12 2   0 1   
9 3   4 2   12 3   5 4   15 2   1 4   3 4   10 1   8 3   18 7   14 14   13 1   17 6   6 5   11 1   2 15   7 6   16 9   0 14   19 15   
17 13   0 2   14 3   7 6   2 15   4 14   11 9   1 4   15 11   8 9   3 11   18 10   5 4   6 3   9 4   12 3   16 8   10 9   13 1   19 11   
9 8   19 15   17 1   3 3   5 5   2 12   12 8   16 6   6 2   13 15   4 15   7 2   10 6   18 9   0 14   15 12   11 3   8 6   1 1   14 13   
14 8   0 7   8 4   17 14   19 9   1 15   3 2   7 4   9 6   12 8   2 12   5 9   15 3   13 1   10 2   11 9   18 14   6 15   16 15   4 10   
19 7   15 14   2 5   0 13   6 1   4 13   12 12   17 1   10 5   7 10   8 2   3 2   16 4   13 12   9 3   1 4   14 12   5 7   11 5   18 2   
6 3   9 1   8 5   16 8   2 4   4 4   0 14   7 14   12 2   19 1   18 8   11 14   1 3   15 12   13 2   17 12   3 7   5 5   10 4   14 5   
17 9   13 6   18 13   14 4   9 12   8 6   12 1   5 4   19 13   0 12   7 2   16 15   10 11   4 11   6 12   1 10   2 8   3 12   11 15   15 1   
9 5   18 14   12 2   19 1   15 2   3 15   4 12   7 7   10 2   2 1   14 15   5 15   6 10   11 2   1 7   0 14   16 3   8 9   17 9   13 4   
11 10   8 3   16 12   1 12   9 1   5 15   10 3   19 9   15 9   6 13   2 15   4 6   7 11   3 9   18 6   0 1   12 13   17 3   14 14   13 12   
17 10   10 15   6 7   19 9   0 5   15 4   2 13   14 12   1 13   11 9   8 15   16 1   4 2   5 10   18 4   13 13   7 13   9 12   12 8   3 15   
1 3   0 13   2 2   7 3   18 13   6 1   4 10   14 12   9 1   5 14   3 6   13 15   16 6   19 2   15 8   11 4   12 5   17 2   8 4   10 2   
12 13   11 11   7 6   18 15   0 3   14 12   16 5   10 5   15 4   3 1   5 6   4 14   1 6   13 11   9 14   17 1   8 13   19 6   6 2   2 14   
14 3   4 1   12 4   7 2   15 2   19 3   16 14   9 9   6 15   8 5   11 2   5 7   0 2   2 9   18 5   3 11   1 1   13 9   17 15   10 3   
7 11   4 5   6 10   15 15   13 2   2 14   0 9   12 4   3 12   5 5   19 5   18 3   10 8   14 5   17 11   1 14   16 13   11 7   9 6   8 12   
0 5   19 9   9 13   12 5   6 6   15 13   17 5   5 12   7 14   11 11   3 15   14 6   8 15   2 10   4 11   10 9   16 15   18 15   1 14   13 7   
11 7   17 15   6 2   2 10   5 14   7 3   14 7   12 5   4 7   9 7   1 1   18 2   16 5   8 8   3 1   10 15   19 7   0 7   15 11   13 7   
17 9   3 6   12 1   18 15   0 10   8 2   5 12   11 14   19 3   14 10   15 11   2 9   4 7   13 3   16 6   6 3   7 4   10 5   9 9   1 3   
8 10   10 6   11 15   7 6   15 4   16 7   18 13   5 14   13 2   14 8   6 1   1 13   2 11   4 3   3 14   12 8   19 14   9 4   17 1   0 3   
4 3   13 6   12 10   9 15   14 7   15 11   7 14   16 5   6 2   8 2   2 11   5 10   3 12   10 1   0 3   18 4   11 4   17 3   1 9   19 2   
0 9   17 2   13 4   5 10   15 14   14 11   11 13   9 8   2 13   1 3   18 3   16 12   6 1   12 2   4 12   10 13   7 3   8 4   19 11   3 11   
7 12   1 15   3 11   0 8   8 10   18 2   4 8   16 13   12 13   9 10   15 11   10 6   11 8   14 2   17 5   13 4   5 7   6 9   19 14   2 11   
11 2   19 5   1 5   14 5   15 14   4 5   8 15   9 13   6 3   18 9   5 2   12 10   13 7   10 12   2 4   0 11   17 5   16 7   7 4   3 10   
3 1   6 10   0 5   14 8   16 12   11 1   2 2   15 9   7 3   10 4   12 6   18 2   17 1   5 10   4 3   8 11   9 2   13 7   19 11   1 9   
6 6   0 9   12 3   13 1   18 10   1 7   17 2   2 1   8 4   5 2   10 5   16 9   3 4   9 8   7 8   14 4   11 6   4 6   19 2   15 6   
4 14   9 10   6 9   2 4   5 6   15 8   13 3   14 7   3 5   11 11   16 11   12 7   8 2   10 15   19 12   18 15   1 9   0 7   17 1   7 7   
16 15   7 14   15 13   9 5   2 15   1 4   6 3   5 11   4 4   0 9   14 12   19 8   13 6   12 15   8 10   11 3   3 8   18 5   17 3   10 6   
2 13   8 5   4 12   14 5   12 2   6 4   7 13   15 2   13 6   18 14   17 2   19 5   10 13   5 10   16 12   3 7   11 2   0 5   1 12   9 6   
15 8   16 3   0 4   17 7   7 4   11 7   18 2   10 4   5 11   1 7   2 3   8 6   3 3   19 2   4 2   14 5   13 6   12 1   6 8   9 12   
3 15   5 5   0 14   19 5   8 2   7 2   17 1   9 8   18 1   10 4   2 4   6 15   15 6   13 6   14 11   11 6   12 15   16 15   1 3   4 14   
