50 20 
13 8   2 13   5 14   3 8   0 2   7 7   15 7   16 15   11 11   19 3   4 10   6 13   17 13   14 2   1 1   8 6   9 2   10 12   18 8   12 1   
18 4   13 5   11 4   7 12   14 12   6 5   5 11   0 8   3 13   15 13   17 4   2 1   9 12   12 15   4 6   1 2   10 10   16 13   19 8   8 11   
4 14   7 15   17 15   15 8   9 9   5 6   19 9   6 10   8 1   12 6   16 11   14 9   10 6   18 10   1 6   0 13   13 10   3 8   2 2   11 11   
9 14   7 2   4 2   14 5   11 3   16 15   6 11   2 15   13 7   19 11   12 5   8 10   17 13   0 8   3 10   5 5   18 7   10 4   15 14   1 2   
8 3   2 8   9 10   18 14   15 1   1 9   3 5   4 14   5 14   10 5   14 15   7 7   0 8   16 10   13 10   11 15   12 3   17 2   19 9   6 6   
2 2   17 10   11 9   10 9   7 6   8 9   5 15   4 15   9 14   19 11   16 5   14 8   3 8   12 5   6 2   1 13   0 8   15 14   18 10   13 12   
18 1   7 15   15 10   4 6   16 13   17 15   10 4   6 10   13 3   5 2   12 12   3 4   2 14   8 11   14 11   9 6   11 11   1 7   19 5   0 7   
4 10   18 7   6 4   12 2   11 5   8 11   15 15   10 5   0 10   3 2   16 5   7 1   1 7   5 6   17 6   14 8   13 3   9 3   2 6   19 10   
14 4   2 10   3 14   4 5   17 8   18 6   6 12   9 2   13 15   7 12   19 5   10 14   12 2   1 2   15 3   16 7   11 15   0 5   8 13   5 15   
0 8   11 11   14 10   3 8   15 5   12 14   17 4   9 8   7 13   10 1   1 9   5 1   18 1   19 5   2 2   4 7   8 15   6 3   13 1   16 14   
17 7   6 11   9 1   19 11   10 5   13 14   0 6   3 3   2 12   18 15   11 6   8 13   5 3   1 8   16 1   15 3   7 15   12 3   4 9   14 9   
12 10   2 9   0 4   6 2   4 13   11 1   15 2   16 3   10 1   17 9   9 2   8 15   14 3   7 2   3 5   18 13   1 2   13 1   19 2   5 12   
9 10   10 12   8 5   5 12   7 15   19 8   13 14   4 5   2 7   12 15   17 6   16 10   15 3   0 2   3 6   1 3   11 6   6 9   18 8   14 7   
1 13   18 6   13 13   6 15   2 14   5 2   17 6   10 9   3 3   11 15   14 3   12 10   19 1   9 6   16 8   15 1   4 6   8 4   7 15   0 14   
3 14   1 9   11 8   0 2   6 4   17 4   13 2   12 11   2 5   7 11   10 7   14 4   18 3   9 4   8 9   15 13   5 3   19 1   16 1   4 3   
7 3   5 6   14 8   2 5   12 5   0 6   8 11   6 13   18 3   3 13   11 14   19 14   15 12   13 5   4 12   1 11   16 15   17 7   9 4   10 7   
5 5   1 9   9 2   7 13   15 5   8 4   18 11   0 4   11 4   3 9   13 6   19 1   2 14   6 9   17 5   12 9   14 15   10 8   4 10   16 13   
13 13   6 4   11 7   1 5   19 14   18 13   9 11   4 7   10 10   17 5   14 2   12 1   3 4   2 8   16 13   7 2   5 3   0 9   15 6   8 3   
1 15   18 5   8 4   3 6   9 5   2 8   15 12   4 9   11 4   6 15   19 1   12 4   7 11   13 8   14 5   0 11   17 3   5 10   10 14   16 5   
9 1   18 15   1 10   13 15   16 6   10 6   19 8   3 11   0 2   17 11   15 1   12 2   8 15   6 10   14 1   7 13   5 4   2 11   11 8   4 3   
15 5   16 10   19 7   9 4   17 12   11 8   4 12   12 5   5 13   2 10   13 12   3 10   14 1   6 3   7 4   8 5   18 1   1 1   10 5   0 5   
2 3   12 3   5 12   10 8   8 6   7 13   19 9   11 10   17 1   6 2   4 8   1 7   15 5   13 14   14 3   16 13   9 11   0 3   18 10   3 9   
0 7   8 2   13 4   10 10   6 4   15 8   18 10   11 9   7 13   2 2   14 7   17 5   3 15   16 10   19 10   1 3   9 12   12 5   4 11   5 6   
0 15   12 6   5 9   2 13   16 3   10 14   1 4   15 8   7 3   9 5   3 12   4 4   8 1   19 8   14 1   11 12   17 9   13 3   18 11   6 7   
13 1   6 4   11 1   2 15   9 5   15 3   1 15   3 9   8 14   17 11   16 13   0 1   14 6   7 1   18 3   19 7   10 5   12 1   5 4   4 4   
1 2   5 3   8 2   15 6   17 14   9 5   14 11   13 8   18 2   6 7   19 14   12 15   10 2   16 7   4 15   2 4   0 14   11 5   7 7   3 6   
9 3   6 3   0 4   17 3   7 6   16 10   2 7   5 11   15 4   11 7   12 12   14 15   10 7   18 11   1 1   13 5   4 8   19 15   3 14   8 6   
9 1   8 7   1 8   17 3   19 14   5 13   4 1   12 3   14 2   7 4   0 9   15 10   11 10   13 2   10 15   6 15   2 5   16 15   3 7   18 12   
9 5   8 13   12 10   10 2   7 2   4 13   16 4   18 13   13 1   19 10   14 13   11 10   17 12   5 6   3 3   15 15   1 4   2 13   6 15   0 11   
18 1   13 13   9 6   5 11   17 5   19 1   2 3   7 6   0 4   3 7   16 5   10 4   15 9   8 1   6 15   11 2   14 1   4 2   12 11   1 1   
10 15   11 1   19 11   12 2   14 10   6 2   7 3   16 1   3 14   18 12   4 1   0 13   5 15   13 3   8 10   15 3   1 11   9 4   2 5   17 2   
16 12   5 8   14 15   18 10   7 4   4 7   3 9   15 10   17 4   1 9   2 3   9 3   8 15   19 5   12 15   10 3   13 5   11 3   0 2   6 6   
1 9   5 5   9 2   18 7   3 11   13 3   2 8   4 13   16 12   10 12   8 9   17 13   19 6   14 6   0 12   15 9   11 4   12 2   6 2   7 13   
18 5   1 11   5 15   4 3   3 4   15 10   9 13   13 7   19 5   16 15   14 1   12 4   0 2   7 7   8 7   2 13   6 15   11 7   10 2   17 6   
1 1   17 2   10 4   5 4   0 1   7 9   9 7   3 2   19 6   14 12   12 9   13 15   16 4   15 8   4 6   8 3   11 8   6 8   18 14   2 12   
8 7   6 10   18 9   13 10   14 1   10 1   2 11   7 3   12 11   11 14   9 1   17 4   3 10   16 6   15 11   5 8   1 13   0 13   19 7   4 2   
16 14   7 6   12 15   17 5   19 7   1 11   2 9   4 7   15 5   11 9   10 12   9 2   13 3   5 10   14 2   3 10   6 14   0 14   18 10   8 2   
11 7   6 8   17 15   12 5   9 2   14 8   3 11   2 10   16 12   7 10   10 12   18 7   5 7   15 13   8 9   0 6   1 13   13 4   19 3   4 14   
13 2   16 11   11 1   8 14   7 11   17 8   4 2   6 4   18 12   1 2   3 11   15 1   9 13   10 9   14 2   2 2   19 13   0 9   12 1   5 13   
9 9   17 12   11 2   8 2   13 5   18 12   5 1   12 3   4 2   3 7   19 8   0 5   14 1   6 13   2 3   7 7   15 1   16 4   10 6   1 6   
18 7   13 14   3 3   15 5   0 6   12 8   2 3   9 6   10 7   1 9   11 15   14 6   19 15   16 5   7 13   6 7   5 10   4 4   8 4   17 10   
5 14   3 10   12 12   18 12   16 3   14 8   15 5   8 15   19 4   6 2   0 9   1 4   2 6   7 4   4 6   13 3   9 11   10 12   17 12   11 1   
13 3   19 1   3 6   0 15   7 3   5 5   8 6   17 3   1 1   2 2   4 6   18 7   10 8   16 13   12 3   11 8   14 2   6 1   9 7   15 4   
8 4   2 3   7 5   15 15   5 14   16 8   17 2   1 3   12 6   13 10   10 3   4 10   19 15   18 12   3 12   14 14   11 3   0 7   9 4   6 2   
1 15   18 9   7 9   15 15   0 5   12 4   19 10   3 3   2 5   17 3   9 4   10 12   5 9   11 7   16 13   14 5   6 6   8 3   13 4   4 7   
12 6   11 7   4 5   18 3   17 5   15 14   8 7   10 3   14 10   9 13   0 4   3 8   13 9   7 6   5 12   2 6   6 8   19 5   1 12   16 10   
12 1   3 4   15 13   14 2   8 15   19 6   13 15   17 5   6 6   4 5   5 5   7 4   16 8   18 2   9 4   1 7   11 2   2 7   10 15   0 14   
3 10   10 1   2 11   17 9   7 15   4 2   19 12   16 14   6 2   14 13   9 12   1 10   0 15   13 3   15 13   8 3   12 10   11 6   5 7   18 2   
7 6   19 1   2 7   1 3   12 15   6 15   8 14   9 6   13 10   15 11   0 5   16 1   4 8   11 15   3 8   17 4   10 14   14 3   18 3   5 3   
15 7   14 8   18 1   8 12   11 14   17 3   5 15   4 13   19 1   3 7   16 11   1 2   6 12   12 3   9 2   2 6   0 1   13 2   7 12   10 5   
