50 20 
2 1   8 2   19 15   0 6   10 7   18 12   7 4   5 4   13 15   11 6   3 14   15 2   6 5   1 13   16 4   17 3   9 6   12 9   14 2   4 6   
13 13   8 9   19 2   18 3   2 11   7 7   6 8   12 8   15 12   17 6   1 5   4 2   5 9   9 7   16 13   3 9   11 12   14 15   0 15   10 14   
18 6   17 8   12 1   10 4   11 7   19 2   15 7   16 4   2 1   9 12   5 9   8 12   6 14   14 15   1 9   3 5   13 1   0 7   7 2   4 10   
17 3   3 5   12 4   14 2   1 15   16 14   7 7   13 15   5 12   0 4   8 15   9 14   6 7   18 1   15 9   4 1   2 4   11 1   19 11   10 7   
9 10   19 8   5 3   14 10   2 2   11 5   4 7   17 14   7 15   10 11   1 11   13 14   3 12   0 10   8 15   16 5   15 10   18 14   6 3   12 13   
6 9   15 14   19 5   14 9   13 1   9 6   5 8   18 8   8 9   4 4   16 12   10 3   0 8   12 1   7 8   3 3   11 6   17 10   2 9   1 1   
19 10   4 13   8 2   10 2   1 11   11 5   6 15   3 7   14 4   9 7   16 10   2 13   5 1   15 3   18 4   12 11   17 2   13 12   7 3   0 8   
6 12   15 15   17 5   1 14   3 1   16 13   2 15   7 5   4 4   0 1   12 11   13 5   14 8   19 1   8 8   10 14   9 11   11 13   18 3   5 12   
4 11   2 7   11 9   12 9   3 10   1 15   0 4   18 7   5 10   19 10   7 5   13 1   16 7   9 5   14 13   15 8   10 2   6 7   17 7   8 9   
14 6   15 10   2 13   17 12   6 15   5 15   3 3   11 10   13 15   8 4   9 9   7 7   19 7   16 8   18 9   4 2   0 3   10 1   12 12   1 7   
16 9   5 9   17 6   4 10   3 13   7 10   0 13   14 1   18 7   9 2   10 3   1 8   15 6   12 3   11 6   8 14   6 13   2 1   19 12   13 15   
16 3   14 1   8 11   1 4   0 9   18 1   6 10   17 13   19 3   10 2   15 10   3 7   5 2   2 11   4 3   9 4   13 2   7 12   11 11   12 8   
19 13   6 3   12 1   9 8   2 4   4 5   16 8   14 15   0 8   5 6   18 7   17 7   7 5   3 14   13 3   11 1   1 3   15 10   8 2   10 14   
13 4   6 11   8 9   5 5   16 2   15 9   12 8   9 3   3 9   19 6   4 11   10 4   14 4   7 6   11 1   17 9   0 9   2 13   1 1   18 2   
16 3   13 10   17 2   3 3   5 3   12 5   6 4   2 15   10 11   0 7   8 8   1 6   18 7   9 1   4 15   15 15   11 13   14 2   19 15   7 3   
1 1   19 13   7 2   12 12   2 13   18 8   13 14   16 5   15 14   8 10   3 6   14 13   17 2   11 1   9 12   0 2   10 7   6 15   5 2   4 1   
11 8   13 13   16 7   10 2   4 2   14 5   5 4   17 14   1 3   3 4   7 11   18 4   9 10   2 2   8 8   15 15   19 4   12 6   6 2   0 2   
16 8   5 3   8 5   11 5   4 2   0 13   13 12   2 6   17 4   19 3   1 5   3 9   9 15   7 4   10 6   12 14   14 9   18 12   6 10   15 14   
7 1   6 1   13 14   17 15   8 8   12 15   16 13   11 14   4 1   1 11   9 9   19 8   5 7   2 10   10 13   3 6   0 8   18 3   14 10   15 9   
13 4   8 11   3 4   1 15   10 11   19 8   7 7   0 7   12 4   6 8   15 7   4 11   14 4   17 2   18 2   2 8   5 9   11 13   9 6   16 4   
15 4   10 14   9 10   11 14   7 2   16 12   18 1   17 2   2 11   0 4   3 1   8 9   6 1   14 10   13 14   4 15   19 12   1 4   12 13   5 12   
15 6   18 3   5 12   10 5   1 7   0 1   11 2   2 14   9 11   14 15   8 10   19 1   12 2   7 5   6 6   4 8   16 1   17 12   13 3   3 5   
18 2   7 7   16 6   14 4   12 15   3 3   8 14   6 7   11 3   5 14   4 12   13 1   0 3   2 12   1 15   10 5   15 10   9 10   19 12   17 9   
9 2   18 4   10 6   17 5   19 15   0 3   16 10   15 8   12 13   11 9   3 9   7 6   1 6   14 15   5 11   6 6   4 2   8 12   2 2   13 3   
7 1   14 9   9 8   13 7   0 3   11 13   10 15   17 1   12 13   3 12   18 7   5 6   15 12   6 9   2 3   4 1   16 4   8 2   1 15   19 13   
8 13   12 9   4 6   9 15   7 11   3 5   0 15   10 1   13 13   18 5   11 9   15 7   2 4   5 1   14 7   16 3   1 11   17 12   19 7   6 3   
5 3   3 1   15 11   11 6   0 5   17 14   19 3   10 1   16 3   4 15   2 2   13 15   8 4   18 7   12 2   9 6   6 12   1 14   7 3   14 8   
12 12   17 15   4 8   19 14   18 2   13 3   16 3   9 11   6 5   15 6   11 1   3 11   5 8   14 1   2 4   0 10   8 3   1 2   7 14   10 1   
9 7   17 3   19 9   1 8   6 3   16 13   15 5   13 3   10 5   3 14   4 11   7 11   18 8   5 2   0 11   8 9   11 5   2 7   12 6   14 15   
12 7   19 3   14 3   18 2   2 11   5 14   4 1   0 5   17 8   11 15   13 1   8 15   10 11   3 5   1 9   15 6   16 10   6 7   9 6   7 6   
15 15   5 3   6 2   10 9   4 14   3 4   13 15   12 9   7 8   14 3   0 4   17 14   1 7   2 5   9 4   8 1   19 2   16 6   18 1   11 12   
17 8   18 5   2 10   12 1   14 4   11 3   1 5   0 14   3 1   10 5   4 1   9 5   16 6   19 3   7 11   6 6   8 7   13 1   15 6   5 1   
18 10   3 3   4 3   6 5   11 15   14 5   5 5   19 15   7 5   13 13   16 11   17 4   0 3   2 5   12 14   1 12   15 14   9 15   10 4   8 5   
4 10   5 5   11 13   10 10   15 11   14 8   17 8   8 2   19 12   6 11   16 9   2 2   12 9   0 14   1 15   7 2   9 10   13 7   18 9   3 7   
18 6   6 2   14 4   15 10   19 14   16 8   10 12   17 10   9 4   11 6   0 12   4 5   13 2   8 5   12 9   3 3   5 15   7 12   1 5   2 12   
10 14   17 8   5 8   19 6   8 7   4 8   11 4   12 13   2 10   18 8   3 6   6 8   0 1   1 6   9 7   7 4   14 1   13 13   16 3   15 7   
16 8   18 9   9 6   6 13   13 11   1 15   12 2   17 5   2 6   7 6   5 8   0 6   19 13   14 6   11 7   10 5   3 5   8 4   4 2   15 5   
14 15   12 9   17 9   11 9   18 1   15 2   6 7   2 9   3 15   4 6   5 2   7 5   0 15   9 4   16 6   8 1   10 7   1 15   13 8   19 4   
10 2   15 1   3 11   0 7   2 5   4 15   9 1   5 2   6 2   8 11   7 6   11 9   14 3   19 7   12 9   1 8   17 1   13 2   18 15   16 1   
1 1   5 7   9 12   16 4   11 3   18 14   10 8   3 8   6 13   13 13   7 3   14 4   17 1   4 11   2 4   15 2   12 6   0 3   19 5   8 8   
19 5   15 14   10 11   17 10   3 15   16 15   14 2   1 6   7 10   2 6   4 13   18 11   0 6   5 2   9 12   8 15   13 10   6 7   11 2   12 5   
5 13   3 11   0 8   10 4   19 3   13 1   9 7   12 9   17 3   2 12   11 6   16 5   6 6   8 13   14 12   1 2   15 8   7 1   4 14   18 8   
5 15   8 12   11 8   3 14   19 13   1 5   14 3   0 6   10 10   13 12   12 14   6 5   17 1   16 13   9 15   18 8   4 15   7 9   15 9   2 10   
1 15   9 15   11 4   7 1   8 10   14 15   3 4   18 15   0 7   4 9   17 7   12 5   6 8   19 8   2 9   5 7   13 13   10 5   16 9   15 6   
11 2   12 1   10 15   9 7   4 9   16 1   8 5   17 1   14 2   5 10   18 3   1 11   7 2   15 11   19 10   13 14   2 7   6 10   3 3   0 3   
4 4   8 6   18 15   11 5   5 5   14 14   0 3   7 14   12 11   9 4   3 3   15 8   2 12   1 2   19 8   6 12   16 14   13 9   10 8   17 11   
0 12   16 6   2 2   8 5   17 11   12 5   1 8   5 3   19 12   7 5   15 2   18 8   13 11   11 3   3 15   4 1   6 15   14 12   10 7   9 3   
7 12   16 10   5 2   19 2   12 1   18 14   9 12   11 1   13 3   0 10   6 8   8 4   15 1   17 11   3 12   4 13   14 6   1 2   10 14   2 11   
1 10   5 5   10 9   12 13   9 3   18 9   4 14   13 1   11 1   19 6   14 13   6 13   15 10   8 11   0 5   16 3   2 15   7 1   3 11   17 9   
3 5   0 1   7 8   11 7   13 2   8 1   19 7   5 10   18 5   17 10   9 2   15 9   14 11   2 4   12 8   10 11   1 8   6 9   16 8   4 2   
