20 10 
3 2   4 2   9 1   8 1   0 1   7 2   6 4   1 1   5 1   2 1   
7 15   4 2   3 1   9 4   1 1   6 1   2 5   8 1   5 1   0 12   
3 2   6 4   5 1   4 4   2 2   1 11   7 4   9 1   8 2   0 2   
1 1   6 1   9 1   7 9   5 8   0 5   3 1   4 8   2 6   8 1   
5 14   1 14   7 1   3 1   6 2   4 13   8 5   9 14   0 3   2 6   
9 7   3 2   4 1   7 3   5 1   0 7   6 7   2 7   8 1   1 1   
5 1   8 3   3 15   2 2   0 1   4 1   7 5   1 15   9 1   6 15   
0 3   1 2   3 4   9 1   4 2   8 1   7 2   6 1   2 6   5 15   
7 14   4 3   5 1   9 14   6 2   3 10   1 9   8 9   2 1   0 15   
8 12   6 1   2 5   9 2   5 15   3 7   0 6   1 2   4 3   7 4   
2 1   7 14   1 8   5 2   0 1   6 2   4 2   3 1   9 4   8 3   
9 1   4 1   2 2   6 1   5 3   0 1   7 1   1 6   3 1   8 6   
4 1   0 13   7 14   9 2   2 7   3 1   5 5   6 7   1 2   8 2   
4 9   6 2   8 7   1 15   0 15   5 6   3 15   9 15   7 15   2 6   
8 3   4 4   1 3   5 12   0 1   6 15   7 7   3 10   2 2   9 14   
4 6   2 3   8 1   5 15   7 3   6 9   0 12   3 1   1 3   9 1   
0 15   5 1   2 1   3 5   8 1   7 15   9 1   1 1   4 4   6 5   
7 4   9 6   2 1   3 4   8 12   4 10   5 2   1 1   6 2   0 9   
9 1   1 1   5 2   2 3   4 1   3 4   6 3   7 1   0 7   8 7   
8 8   3 1   9 1   6 1   2 6   0 15   4 1   5 2   1 1   7 15   
