20 10 
5 1   3 1   1 10   9 6   2 15   8 4   0 2   4 3   7 9   6 5   
9 2   7 1   8 4   3 1   0 7   1 1   6 1   5 12   2 4   4 1   
5 5   8 5   1 2   9 11   0 3   4 1   2 15   7 1   6 3   3 1   
2 15   3 2   5 10   7 8   8 2   9 1   6 7   0 2   1 7   4 2   
4 2   6 3   8 1   3 1   9 10   7 1   0 15   2 11   1 8   5 1   
4 5   3 13   9 15   8 7   7 14   5 4   0 1   6 4   1 1   2 1   
4 12   2 1   0 1   3 1   6 2   5 1   1 7   9 3   7 7   8 1   
9 1   0 1   3 15   2 1   1 14   5 15   6 1   4 1   8 6   7 1   
0 4   9 1   6 13   2 14   8 1   3 1   5 15   1 5   7 8   4 2   
1 10   4 9   8 15   7 2   0 11   3 4   9 1   2 1   6 1   5 1   
1 1   8 4   9 3   2 2   0 1   4 1   3 15   7 1   6 2   5 15   
4 1   3 13   2 1   6 15   1 1   7 15   5 5   8 1   0 2   9 4   
8 5   6 10   9 6   3 4   5 1   0 2   7 15   2 2   4 1   1 11   
0 7   4 3   3 5   1 15   9 14   6 1   7 2   5 1   2 1   8 7   
5 5   8 1   4 13   2 2   3 11   6 6   1 4   0 1   9 9   7 8   
4 2   8 4   3 3   1 3   7 4   0 11   6 1   2 15   5 4   9 3   
0 2   8 6   6 3   9 4   1 4   7 4   3 12   5 4   2 1   4 7   
8 2   7 15   5 1   9 1   0 1   1 1   4 3   3 1   6 1   2 1   
6 1   8 1   9 4   3 1   0 4   7 1   1 1   2 13   4 2   5 3   
7 13   8 15   2 1   5 5   6 2   9 1   1 2   0 3   4 1   3 4   
