20 10 
8 1   0 2   5 1   7 9   1 8   6 13   2 10   4 2   9 5   3 4   
8 15   1 1   9 8   7 11   3 4   0 8   6 9   4 1   2 1   5 2   
4 5   1 3   0 8   6 8   5 7   2 10   7 13   3 15   9 1   8 15   
9 2   4 1   2 3   0 5   6 15   5 4   1 1   8 5   7 10   3 9   
4 9   2 7   3 1   1 1   7 1   9 4   6 13   0 5   5 2   8 1   
2 4   6 1   8 10   4 8   9 14   3 3   7 4   1 3   5 1   0 1   
6 8   5 2   2 3   3 5   9 1   0 2   7 7   8 6   4 3   1 1   
8 1   2 1   9 2   5 2   3 1   1 5   7 4   6 4   4 1   0 3   
2 2   1 4   4 4   6 15   9 4   5 4   3 6   8 1   7 10   0 7   
3 1   6 1   5 1   8 1   2 1   4 1   1 10   9 1   0 3   7 1   
5 1   6 1   2 3   3 1   9 3   4 7   0 11   1 3   7 5   8 14   
0 3   2 13   6 2   9 1   7 9   1 1   8 9   3 1   5 6   4 7   
8 3   3 1   4 2   7 11   6 10   2 1   5 6   1 1   9 1   0 13   
4 1   6 4   3 1   1 4   2 1   8 1   5 15   7 5   0 13   9 5   
4 1   3 6   5 1   2 15   6 3   1 5   0 1   8 2   9 5   7 1   
2 6   9 12   5 1   6 1   1 1   7 9   0 10   4 1   3 11   8 12   
5 2   7 5   6 14   3 6   1 1   2 6   8 15   9 10   4 2   0 14   
1 2   0 4   7 1   6 1   3 10   8 4   4 4   9 11   2 1   5 4   
9 15   4 1   3 1   7 10   8 15   1 1   5 10   6 1   0 10   2 3   
9 1   3 1   7 1   5 1   2 1   0 3   1 11   8 2   6 1   4 2   
