20 10 
2 1   5 1   9 1   3 8   6 2   4 2   0 3   7 2   8 3   1 5   
5 5   8 15   9 13   4 8   7 11   3 2   0 1   2 6   6 7   1 1   
3 6   1 12   8 6   2 1   9 2   0 1   6 2   7 1   5 1   4 1   
1 7   6 11   4 10   8 9   9 10   7 1   3 1   0 1   2 15   5 3   
3 1   4 2   0 1   9 8   2 12   1 3   8 1   6 4   5 15   7 1   
4 1   2 5   9 3   6 2   8 9   1 9   3 8   7 1   0 1   5 2   
9 2   7 1   1 13   8 1   6 5   0 2   4 11   3 15   5 4   2 4   
5 4   6 1   4 4   8 6   0 5   7 9   3 6   2 15   1 4   9 10   
6 2   1 1   7 10   5 15   0 4   4 2   9 6   8 1   2 4   3 4   
8 8   1 2   2 4   9 1   4 4   0 2   6 9   5 15   7 15   3 5   
5 15   3 1   4 9   8 1   7 2   6 1   1 2   9 15   0 2   2 12   
0 2   8 1   6 1   2 2   1 5   5 9   4 1   3 8   9 1   7 1   
0 5   1 15   4 5   5 4   6 3   3 1   7 3   9 3   8 10   2 8   
9 1   8 13   6 6   2 1   1 1   4 7   0 1   3 10   5 1   7 1   
8 11   2 9   3 1   6 1   9 2   7 1   5 9   4 3   1 9   0 6   
8 6   7 8   1 1   9 2   6 15   2 1   3 13   0 3   5 1   4 1   
1 1   0 7   6 6   2 1   7 1   8 2   9 1   5 1   3 4   4 11   
5 12   2 2   3 1   6 1   7 4   9 7   4 15   8 1   1 1   0 1   
5 1   7 1   1 2   6 11   8 11   0 9   3 6   2 1   4 2   9 15   
3 2   0 1   7 1   4 1   8 1   1 11   6 11   5 1   2 1   9 15   
