20 10 
5 1   7 1   8 10   9 2   4 2   1 3   6 10   0 1   2 8   3 1   
2 4   9 15   8 4   3 1   0 1   4 1   5 14   7 12   1 1   6 1   
4 1   8 4   5 1   9 6   6 13   3 3   2 1   0 5   7 3   1 3   
4 12   5 1   0 15   1 2   7 1   8 2   3 15   6 15   2 1   9 1   
4 7   5 1   8 1   1 1   0 1   7 4   6 5   2 1   3 10   9 1   
5 7   3 7   9 11   4 2   6 12   0 3   7 10   1 2   2 4   8 5   
1 3   4 1   7 5   0 9   9 1   8 2   5 11   3 14   2 7   6 3   
1 2   9 3   6 2   8 1   5 3   3 9   0 13   7 3   4 2   2 1   
4 3   9 1   7 8   8 15   0 14   2 1   5 9   3 3   1 14   6 6   
9 1   1 13   7 1   5 3   0 7   8 3   4 1   3 2   2 8   6 11   
4 5   2 1   5 1   0 5   6 12   7 3   3 1   9 5   1 1   8 1   
1 4   4 3   6 8   2 1   5 1   8 1   7 12   9 3   0 15   3 1   
4 15   8 5   3 1   1 4   0 1   5 7   6 1   9 6   7 1   2 11   
9 4   0 7   1 15   7 2   2 4   4 5   3 15   6 6   5 11   8 4   
1 1   6 1   7 1   3 1   2 1   8 3   9 2   4 4   5 3   0 3   
7 12   2 11   8 1   4 1   0 11   1 1   9 2   3 1   6 1   5 3   
4 4   5 2   6 13   0 15   3 10   1 3   2 2   8 1   7 1   9 1   
9 6   0 7   3 3   5 11   7 3   2 5   6 2   8 4   1 15   4 4   
8 14   3 2   4 1   9 14   1 9   7 9   5 1   6 1   2 2   0 13   
8 11   4 4   9 4   1 4   2 1   5 2   7 1   3 1   0 3   6 6   
