30 10 
1 7   8 15   6 15   3 7   2 15   9 15   7 3   0 7   4 15   5 10   
7 9   0 4   1 6   8 14   9 3   3 10   5 6   6 12   4 10   2 13   
4 2   5 13   3 3   8 13   9 11   6 11   1 2   7 15   2 6   0 7   
7 8   4 13   2 7   0 6   1 14   6 15   9 9   3 7   5 11   8 7   
4 14   2 13   3 11   5 15   8 14   9 13   7 15   1 11   0 15   6 15   
2 14   0 15   1 8   3 2   7 12   5 15   4 15   6 14   8 10   9 15   
7 15   3 15   0 14   9 5   5 9   6 5   2 10   4 14   8 15   1 15   
3 8   8 13   1 12   6 2   5 5   2 12   0 6   4 14   7 11   9 9   
3 14   9 15   0 14   5 3   2 14   1 8   6 9   7 14   8 15   4 7   
8 11   4 5   1 11   9 15   0 8   2 2   5 15   3 5   7 4   6 15   
3 4   2 14   4 7   6 7   1 13   8 3   5 13   7 8   0 15   9 13   
2 4   1 2   7 7   9 2   3 13   6 15   0 13   8 12   4 8   5 13   
9 6   6 11   1 6   7 9   8 10   5 6   3 15   0 2   4 13   2 11   
4 7   2 13   7 13   1 10   5 9   9 8   3 13   0 8   8 5   6 15   
4 15   5 15   9 7   7 5   1 10   3 7   8 14   6 9   2 14   0 2   
9 15   1 14   8 15   3 14   2 12   0 15   6 10   5 2   7 15   4 13   
6 15   7 14   0 7   9 15   1 5   5 12   3 9   2 2   8 10   4 4   
6 12   3 15   4 6   2 15   5 8   7 15   1 13   8 13   9 8   0 13   
1 2   6 14   8 15   2 4   7 4   3 15   4 10   0 2   5 11   9 6   
8 11   7 6   2 4   3 4   1 8   6 14   4 13   9 15   5 2   0 4   
4 9   1 3   0 3   2 15   7 12   3 14   8 3   9 14   6 5   5 14   
3 13   5 5   4 15   2 2   6 10   9 2   1 14   8 14   0 15   7 15   
2 12   7 12   5 6   3 5   1 10   9 15   4 15   6 12   0 11   8 6   
6 13   2 10   5 12   7 14   1 12   9 6   3 15   0 15   8 4   4 15   
8 15   2 13   9 6   7 15   4 9   0 11   3 4   6 12   5 4   1 13   
0 9   6 12   3 15   1 13   9 15   4 14   5 13   8 15   7 2   2 4   
9 6   5 12   1 5   6 3   3 15   7 3   4 5   2 7   8 5   0 2   
2 2   7 11   5 9   4 14   3 15   0 5   8 15   9 10   6 5   1 10   
6 10   4 13   8 10   1 11   5 9   2 5   0 14   7 15   9 10   3 7   
7 11   1 9   3 4   4 8   5 2   6 8   0 5   2 11   8 15   9 14   
