30 10 
9 15   1 15   4 15   8 11   0 3   7 7   6 5   2 2   3 15   5 15   
3 10   1 13   9 2   5 8   6 12   4 11   0 2   2 15   8 11   7 15   
6 13   0 7   2 5   1 11   3 11   7 3   9 14   8 15   4 14   5 9   
3 14   6 13   7 5   2 15   9 14   1 2   5 10   8 14   4 6   0 11   
9 13   0 9   6 6   5 15   3 15   1 6   4 4   2 15   7 9   8 15   
6 13   9 6   5 13   1 11   3 6   2 8   7 15   4 6   0 15   8 15   
3 14   2 14   6 7   5 5   1 15   4 14   8 14   9 12   0 6   7 13   
4 6   5 14   0 2   2 15   1 15   9 9   3 15   7 5   8 7   6 14   
8 4   3 12   0 13   5 5   4 6   2 7   7 12   6 5   9 15   1 7   
2 12   4 10   6 15   0 15   5 7   9 4   8 2   1 13   7 10   3 10   
2 9   8 15   6 15   7 12   1 4   0 8   4 15   5 11   9 13   3 15   
8 6   6 11   0 15   4 6   7 8   5 10   9 15   2 6   3 4   1 14   
6 12   8 11   3 11   0 3   5 8   7 15   9 7   2 13   4 4   1 4   
4 3   6 9   8 8   3 12   7 9   9 3   5 14   2 13   1 14   0 3   
8 12   7 6   0 11   4 12   2 10   9 9   1 7   3 14   5 13   6 2   
4 12   1 14   8 13   9 6   3 7   6 7   5 14   0 10   7 15   2 9   
7 14   6 15   9 11   1 15   5 4   4 4   0 5   8 3   3 15   2 15   
0 15   6 8   4 15   9 3   3 7   8 6   1 14   5 14   7 12   2 14   
8 7   9 4   2 15   6 2   7 13   4 13   0 3   1 8   5 15   3 9   
9 4   8 15   0 5   7 3   5 5   3 8   6 8   4 11   2 13   1 14   
4 14   3 14   9 14   8 7   6 15   0 12   5 15   1 15   2 12   7 8   
4 8   9 8   8 5   3 15   2 15   0 3   1 12   6 15   5 14   7 14   
5 13   1 2   9 5   3 7   7 14   2 9   4 15   8 4   6 15   0 4   
1 12   0 7   4 8   7 10   9 5   8 9   6 15   3 15   5 15   2 2   
5 6   7 15   8 6   2 4   3 8   6 13   1 13   9 6   0 14   4 9   
0 15   5 11   6 2   4 13   2 4   9 15   8 5   1 10   7 15   3 4   
2 11   3 6   9 10   1 11   6 15   4 15   7 9   5 15   8 5   0 15   
1 5   6 13   7 8   5 5   3 14   8 15   2 14   9 12   4 5   0 7   
1 6   4 10   0 11   6 2   8 15   9 14   3 14   2 9   5 4   7 2   
2 6   1 12   3 14   7 12   4 8   6 9   8 14   5 4   9 4   0 13   
