30 10 
9 15   4 2   2 5   6 9   5 11   7 15   3 15   1 9   0 15   8 10   
7 6   9 6   2 4   6 15   4 4   0 6   1 15   3 2   5 13   8 6   
7 11   6 7   9 3   1 8   0 12   3 3   5 11   2 14   4 12   8 9   
8 6   4 11   9 11   6 6   5 2   7 14   1 14   0 12   3 15   2 10   
6 12   8 13   3 10   1 12   2 8   4 9   7 15   0 13   9 13   5 4   
2 13   8 12   9 6   6 6   3 9   0 15   7 9   4 10   5 4   1 11   
4 14   8 7   6 14   3 5   2 6   5 8   0 4   1 13   7 3   9 6   
6 11   3 8   9 13   0 14   7 15   4 5   8 15   5 10   1 14   2 13   
7 15   3 6   2 10   0 7   9 11   8 15   1 15   6 15   5 6   4 3   
3 12   1 13   0 14   5 15   6 14   7 9   4 12   2 13   9 15   8 14   
3 13   9 3   7 14   8 9   5 15   1 4   2 15   6 14   0 12   4 2   
2 11   1 15   9 11   7 7   4 10   6 15   5 14   0 9   3 10   8 2   
7 7   3 12   0 14   5 14   1 7   9 11   4 14   2 15   6 2   8 3   
5 15   3 8   9 5   8 2   7 10   2 8   6 15   1 5   0 4   4 8   
5 15   9 8   6 15   8 15   4 14   1 12   7 9   3 6   2 13   0 14   
5 12   4 13   0 10   9 15   6 6   8 3   1 15   2 9   3 4   7 7   
4 14   8 9   7 12   1 7   3 14   0 15   6 6   9 15   2 7   5 15   
0 7   9 5   8 12   7 15   2 9   3 6   1 2   5 14   6 4   4 14   
7 15   6 10   3 3   0 15   5 4   8 12   2 10   9 14   4 8   1 4   
8 12   3 2   9 15   2 14   1 3   0 13   4 10   7 7   5 9   6 14   
3 4   2 13   1 5   8 11   4 15   9 15   0 6   6 15   5 15   7 14   
2 15   7 13   5 9   4 12   0 15   9 5   3 15   6 12   1 12   8 5   
2 9   9 14   1 6   6 7   7 14   0 13   5 14   4 8   3 14   8 3   
8 15   3 7   9 13   4 7   6 10   7 4   2 12   1 12   5 4   0 3   
1 15   6 5   9 11   0 15   7 11   5 10   2 15   8 12   3 4   4 12   
1 8   9 15   7 5   0 2   5 12   4 15   2 6   3 10   8 11   6 13   
5 7   4 5   2 4   1 8   7 12   9 15   6 13   0 3   8 8   3 5   
5 8   0 11   2 9   3 10   1 14   6 6   8 15   4 6   9 10   7 11   
8 13   3 10   7 6   0 13   1 5   5 9   2 6   4 7   6 13   9 15   
6 5   0 8   3 8   7 12   2 7   4 10   5 14   8 8   1 9   9 15   
