30 10 
4 7   9 15   0 10   6 7   5 14   2 9   3 15   1 15   7 7   8 3   
8 11   4 11   6 8   2 9   9 14   7 2   1 3   5 15   0 13   3 6   
2 10   9 7   6 6   5 5   3 2   8 15   0 2   1 15   4 2   7 15   
1 7   8 3   5 9   9 8   6 4   7 15   4 15   2 12   0 7   3 14   
4 8   3 12   8 4   6 14   5 12   9 15   1 9   7 8   0 10   2 14   
6 4   0 13   1 5   5 11   4 10   3 9   2 6   8 12   9 4   7 2   
4 3   9 12   1 11   2 3   0 2   7 13   3 15   8 13   5 12   6 7   
5 2   1 14   7 15   3 13   8 14   6 9   9 13   4 11   2 11   0 10   
8 9   7 14   3 8   2 10   0 5   4 14   6 7   5 14   9 13   1 15   
4 15   0 5   3 14   8 7   9 11   1 11   6 7   7 13   2 15   5 10   
0 15   1 11   6 14   7 15   2 9   3 6   8 5   4 3   9 14   5 15   
0 7   6 15   2 2   7 15   9 5   1 10   3 4   8 15   4 5   5 15   
2 4   5 3   8 11   6 7   4 15   3 11   7 14   0 15   1 3   9 4   
1 14   6 13   4 6   5 13   9 10   0 5   3 15   2 8   7 15   8 12   
1 15   0 14   3 15   2 15   4 11   6 9   8 13   9 6   7 15   5 12   
4 12   0 8   2 15   1 3   8 10   3 3   7 13   6 11   9 13   5 13   
6 10   2 15   8 12   1 11   9 7   0 10   7 5   4 11   3 15   5 2   
2 13   7 12   5 14   4 14   0 2   1 15   6 5   3 9   8 15   9 2   
2 13   4 14   3 14   5 12   6 5   7 10   1 14   9 4   0 10   8 9   
2 12   5 15   4 8   7 3   9 5   3 8   6 14   1 2   8 14   0 12   
8 14   7 14   0 13   9 10   4 5   5 12   3 11   1 15   6 15   2 10   
0 6   7 10   8 15   5 10   4 15   2 12   3 15   1 9   6 15   9 2   
7 2   1 15   8 8   0 15   9 8   3 2   5 15   2 8   6 6   4 11   
2 7   1 15   0 4   7 15   3 12   5 7   4 6   6 15   8 12   9 15   
7 11   6 9   9 2   0 14   4 4   1 3   8 14   3 10   2 4   5 12   
7 14   5 2   8 14   2 3   0 15   3 13   4 4   9 5   6 2   1 13   
8 15   6 12   4 14   7 7   1 10   2 2   9 9   5 2   3 15   0 8   
1 15   6 11   4 13   0 7   7 15   2 7   9 14   5 15   3 15   8 8   
3 5   5 8   0 5   2 13   7 10   4 11   1 15   8 13   6 14   9 9   
4 10   1 6   3 9   6 9   8 7   2 11   0 7   9 12   5 14   7 14   
